0.0  0.48082821708864754 0.02 0.06
0.8040111111111159  0.49040957920368056 0.02 0.06
1.688422222222222  0.4933191719137339 0.02 0.06
2.5728777777777765  0.4850766151750362 0.02 0.06
3.4170666666666705  0.4809776856822297 0.02 0.06
4.301555555555559  0.4411207760111948 0.02 0.06
5.185955555555559  0.40249128971063153 0.02 0.06
6.0301555555555595  0.4981347270546827 0.02 0.06
6.874422222222222  0.4486176144231426 0.02 0.06
7.758822222222221  0.4822588747816262 0.02 0.06
8.603111111111112  0.42993174060128236 0.02 0.06
9.487588888888894  0.38806765804342347 0.02 0.06
10.331800000000001  0.39711384524715637 0.02 0.06
11.2162  0.37709809431320884 0.02 0.06
12.060511111111111  0.44814120628322046 0.02 0.06
12.904766666666667  0.4082673524079996 0.02 0.06
13.78917777777778  0.3824849708711851 0.02 0.06
14.593177777777782  0.38526835343165805 0.02 0.06
15.517800000000001  0.35763400756879166 0.02 0.06
16.36197777777778  0.419305043050506 0.02 0.06
17.24648888888889  0.31926219476993395 0.02 0.06
18.090655555555557  0.3507671591739165 0.02 0.06
18.934900000000006  0.3542208268555028 0.02 0.06
19.819300000000005  0.3275947331840256 0.02 0.06
20.663600000000002  0.33954793124271826 0.02 0.06
21.507811111111117  0.3310635404676224 0.02 0.06
22.35201111111111  0.3378296446492019 0.02 0.06
23.236488888888893  0.3077693926940486 0.02 0.06
24.080733333333335  0.3343100456554684 0.02 0.06
24.924933333333335  0.3299647955404446 0.02 0.06
25.76925555555556  0.3115081668336861 0.02 0.06
26.613422222222226  0.31679508567131126 0.02 0.06
27.497822222222226  0.30849187994298605 0.02 0.06
28.38234444444445  0.30023759712062886 0.02 0.06
29.22654444444445  0.29764521429656393 0.02 0.06
30.111022222222225  0.25589545310885553 0.02 0.06
30.95523333333334  0.26932503379415507 0.02 0.06
31.79952222222223  0.28379310589737616 0.02 0.06
32.60353333333334  0.2807255660190543 0.02 0.06
32.68394444444444  0.255784093173311 0.02 0.06
33.48796666666667  0.2825388347289472 0.02 0.06
34.37247777777778  0.24343494065876803 0.02 0.06
35.216722222222224  0.2713635493656932 0.02 0.06
36.0609  0.2675033641762157 0.02 0.06
36.94533333333333  0.2454779462610919 0.02 0.06
37.789566666666666  0.25442498055578383 0.02 0.06
38.63382222222223  0.25935537543418025 0.02 0.06
39.47804444444444  0.25523008647599627 0.02 0.06
40.32224444444443  0.2547539508290913 0.02 0.06
41.166444444444444  0.2512467599953968 0.02 0.06
42.05087777777778  0.24471130918954562 0.02 0.06
42.89517777777778  0.2479138071287821 0.02 0.06
43.5384  0.04164578293081838 0.02 0.06
43.73941111111112  0.24952004225695745 0.02 0.06
44.62378888888889  0.22987409167711134 0.02 0.06
45.427888888888894  0.23679721789168254 0.02 0.06
46.35252222222223  0.19477579215954766 0.02 0.06
47.19672222222223  0.21810722575338684 0.02 0.06
48.0409  0.28082467777813164 0.02 0.06
48.88521111111111  0.2835876397775258 0.02 0.06
49.72941111111111  0.2163506586297103 0.02 0.06
50.61381111111111  0.19471038847607988 0.02 0.06
51.45808888888889  0.18598620013800604 0.02 0.06
52.26211111111112  0.20265957684878813 0.02 0.06
52.342511111111115  0.16623269024457954 0.02 0.06
53.10641111111112  0.1969729347081346 0.02 0.06
53.95057777777779  0.16805468995490508 0.02 0.06
54.030977777777785  0.151753501657128 0.02 0.06
54.83497777777779  0.26169563994200234 0.02 0.06
55.67924444444444  0.2607753279020812 0.02 0.06
55.84004444444445  0.13293924407309432 0.02 0.06
56.603844444444455  0.1622804819409535 0.02 0.06
57.367644444444444  0.19093220976640327 0.02 0.06
57.448044444444456  0.16969027844964138 0.02 0.06
58.252277777777785  0.1893762217360576 0.02 0.06
59.09638888888889  0.19009020153731873 0.02 0.06
59.980833333333344  0.18730665667917548 0.02 0.06
60.825033333333344  0.16478103343952466 0.02 0.06
61.66920000000001  0.1660352042051902 0.02 0.06
62.513544444444456  0.16723636159554928 0.02 0.06
63.357733333333336  0.1689659446164099 0.02 0.06
64.24227777777779  0.1527446762798391 0.02 0.06
65.08642222222224  0.1549686607674183 0.02 0.06
65.93064444444445  0.15591904278641897 0.02 0.06
66.77493333333334  0.15581515755919062 0.02 0.06
67.61913333333334  0.15616501160865295 0.02 0.06
68.50355555555555  0.1430317262951387 0.02 0.06
69.3075777777778  0.15403360124789364 0.02 0.06
70.23222222222222  0.13032950721499892 0.02 0.06
71.07654444444444  0.13442874990620693 0.02 0.06
71.84026666666668  0.1493232916741795 0.02 0.06
71.92076666666668  0.1391617275103237 0.02 0.06
72.68456666666668  0.14611913834801177 0.02 0.06
72.80516666666668  0.10370119435953389 0.02 0.06
73.60921111111111  0.14732346756213555 0.02 0.06
74.45351111111111  0.15042346567325734 0.02 0.06
75.2574888888889  0.15515832819225459 0.02 0.06
76.1418888888889  0.14613495895880757 0.02 0.06
76.9860888888889  0.150217007380064 0.02 0.06
77.8302888888889  0.15061885044514214 0.02 0.06
78.755  0.11581968729093027 0.02 0.06
79.51885555555558  0.1448742630931552 0.02 0.06
79.59925555555557  0.12268750018054174 0.02 0.06
80.36305555555555  0.14338935051010632 0.02 0.06
81.20725555555555  0.12967395311821917 0.02 0.06
81.28765555555557  0.11864730141290672 0.02 0.06
82.05145555555555  0.12779224902257422 0.02 0.06
82.89582222222222  0.12629098802834732 0.02 0.06
82.97604444444445  0.12583262768382844 0.02 0.06
83.82036666666667  0.12779574342322048 0.02 0.06
84.66456666666667  0.2076476934384919 0.02 0.06
84.78516666666667  0.10822613912420037 0.02 0.06
85.46872222222223  0.12131447807022774 0.02 0.06
85.54904444444446  0.11230078006415628 0.02 0.06
86.3129111111111  0.1316725378835853 0.02 0.06
87.19733333333335  0.12895775909898058 0.02 0.06
88.08173333333335  0.11876098601722283 0.02 0.06
88.92600000000002  0.12204765512043965 0.02 0.06
89.77033333333333  0.11880969155675322 0.02 0.06
90.61451111111111  0.12109358900495637 0.02 0.06
91.45871111111111  0.12204711274714565 0.02 0.06
92.30286666666666  0.12250981989006145 0.02 0.06
93.22756666666666  0.08549349904461787 0.02 0.06
93.95116666666667  0.10925233107617403 0.02 0.06
94.07176666666666  0.09207352307760612 0.02 0.06
94.79546666666667  0.11108712385696624 0.02 0.06
95.63967777777779  0.10548870960249959 0.02 0.06
95.72007777777779  0.09763468887614471 0.02 0.06
95.80047777777779  0.06466031613536563 0.02 0.06
96.52411111111113  0.11881477570638684 0.02 0.06
96.60448888888891  0.09676278984013034 0.02 0.06
97.36833333333334  0.11794763260995758 0.02 0.06
98.21255555555558  0.10107689051714912 0.02 0.06
98.33315555555558  0.07414326027216082 0.02 0.06
99.09700000000001  0.11197899697762133 0.02 0.06
99.90100000000001  0.09618873604384925 0.02 0.06
100.0216  0.07924143864246566 0.02 0.06
100.8255777777778  0.10838622030704087 0.02 0.06
101.62975555555556  0.09390990865504245 0.02 0.06
101.7101777777778  0.08927845107263517 0.02 0.06
102.47395555555556  0.09363272949147998 0.02 0.06
102.55435555555556  0.09226048485255837 0.02 0.06
103.3181888888889  0.09866443100368054 0.02 0.06
103.3985888888889  0.0949198707861324 0.02 0.06
104.1623888888889  0.10742737528628135 0.02 0.06
105.04690000000002  0.10336407682371265 0.02 0.06
105.89102222222223  0.10437559178675054 0.02 0.06
106.77573333333333  0.10078967213779746 0.02 0.06
107.61980000000003  0.09467089980327305 0.02 0.06
108.42387777777779  0.09064387099674633 0.02 0.06
108.5043  0.08559458190279084 0.02 0.06
109.26807777777779  0.08882450971183606 0.02 0.06
109.34856666666667  0.08768295909070183 0.02 0.06
110.11232222222225  0.08807651872795201 0.02 0.06
110.23294444444446  0.06204398670556212 0.02 0.06
110.95656666666667  0.09905639679643174 0.02 0.06
111.84096666666667  0.09579713684578241 0.02 0.06
112.72536666666667  0.0933959688559133 0.02 0.06
113.61000000000001  0.07448111490736181 0.02 0.06
114.37366666666668  0.08872861893839347 0.02 0.06
115.25806666666668  0.08942915252245585 0.02 0.06
116.06223333333335  0.0933948572757625 0.02 0.06
116.90640000000002  0.09059873452521697 0.02 0.06
117.79085555555557  0.08865159594901678 0.02 0.06
118.63502222222223  0.08901740229062446 0.02 0.06
119.47942222222224  0.08570655802205265 0.02 0.06
120.2833666666667  0.07131247167271493 0.02 0.06
120.40396666666669  0.07146658556010856 0.02 0.06
121.20800000000003  0.08033651045918451 0.02 0.06
122.01197777777779  0.0860877427489664 0.02 0.06
122.89646666666667  0.0781655222612894 0.02 0.06
123.74064444444446  0.08131254609004268 0.02 0.06
124.54476666666667  0.0831406782656489 0.02 0.06
125.38902222222222  0.08128755057669425 0.02 0.06
126.23320000000001  0.07883712878857632 0.02 0.06
126.3940777777778  0.03854621976121814 0.02 0.06
127.0774777777778  0.07235734340482303 0.02 0.06
127.1578777777778  0.06948776582719389 0.02 0.06
127.9216777777778  0.07327404544252139 0.02 0.06
128.0020777777778  0.06878169449895702 0.02 0.06
128.7659888888889  0.06993474427390158 0.02 0.06
128.8463888888889  0.07392884543781647 0.02 0.06
129.65042222222223  0.07759328292766299 0.02 0.06
130.49462222222223  0.07698983735720714 0.02 0.06
131.37904444444442  0.06792344932005527 0.02 0.06
132.1830666666667  0.07455182529436448 0.02 0.06
133.10777777777778  0.060070703702121094 0.02 0.06
133.91182222222224  0.07231564789500633 0.02 0.06
134.7559888888889  0.07254032131673628 0.02 0.06
135.56005555555558  0.06450876202618527 0.02 0.06
136.52491111111112  0.06276680980414989 0.02 0.06
137.28881111111113  0.06999541468339883 0.02 0.06
138.17324444444446  0.06524332537714823 0.02 0.06
139.0174777777778  0.05869342629431648 0.02 0.06
139.1380777777778  0.027051114216153523 0.02 0.06
139.82156666666668  0.06760411349099678 0.02 0.06
140.7059777777778  0.06596618468573553 0.02 0.06
141.5501777777778  0.0655472760514887 0.02 0.06
142.4345777777778  0.05672319367670236 0.02 0.06
142.5149777777778  0.039586575019602006 0.02 0.06
143.19840000000002  0.059019169784973215 0.02 0.06
143.2787777777778  0.05924161863654573 0.02 0.06
144.04265555555557  0.05592809374913198 0.02 0.06
144.12305555555557  0.05567966309254221 0.02 0.06
144.88685555555557  0.054730706485883004 0.02 0.06
144.96725555555557  0.055783681690387873 0.02 0.06
145.77125555555557  0.062062272193166054 0.02 0.06
146.61552222222227  0.05675616317969784 0.02 0.06
147.41954444444445  0.04898191856001167 0.02 0.06
147.49994444444445  0.04793706507296485 0.02 0.06
147.62054444444445  0.03270427080266787 0.02 0.06
148.30394444444445  0.045723664887044435 0.02 0.06
148.38434444444445  0.04116341126423066 0.02 0.06
148.46474444444445  0.03392616285777911 0.02 0.06
149.1482  0.045398396233670306 0.02 0.06
149.22855555555557  0.041032940338742364 0.02 0.06
149.30904444444445  0.03623674732216333 0.02 0.06
149.99243333333334  0.05623689513711338 0.02 0.06
150.07283333333334  0.05351037198781699 0.02 0.06
150.91703333333334  0.05380827512207938 0.02 0.06
151.7613  0.05380692150109581 0.02 0.06
152.60552222222225  0.05370855672396104 0.02 0.06
153.4498  0.05394501650669932 0.02 0.06
154.29401111111113  0.05366844066606709 0.02 0.06
155.09801111111113  0.042502495210449624 0.02 0.06
155.17841111111113  0.04119493607374342 0.02 0.06
155.2588777777778  0.029961816381916275 0.02 0.06
155.90205555555556  0.041923729060798165 0.02 0.06
156.02265555555556  0.04065609577141207 0.02 0.06
156.10305555555558  0.030905669445853517 0.02 0.06
156.74625555555556  0.03552372342031122 0.02 0.06
156.82665555555556  0.044167872030745826 0.02 0.06
156.94725555555559  0.03292751488638441 0.02 0.06
157.63072222222223  0.043151049827673635 0.02 0.06
157.71130000000002  0.04048334958949697 0.02 0.06
157.79154444444447  0.034501491861003326 0.02 0.06
158.4749666666667  0.041500908900767214 0.02 0.06
158.55536666666669  0.038221340631795137 0.02 0.06
158.67596666666668  0.016600385701898295 0.02 0.06
159.31920000000002  0.0390051639986972 0.02 0.06
159.39960000000002  0.03916182066774102 0.02 0.06
159.48000000000002  0.03700154495840805 0.02 0.06
160.16340000000002  0.042064908793380644 0.02 0.06
160.24380000000002  0.041477134195822093 0.02 0.06
160.32420000000002  0.03860373786735559 0.02 0.06
161.0479666666667  0.044038098418295576 0.02 0.06
161.2087888888889  0.022470235688558084 0.02 0.06
161.85193333333336  0.033355780317354804 0.02 0.06
161.93231111111112  0.03922099902765832 0.02 0.06
162.0126888888889  0.02870670651796415 0.02 0.06
162.77662222222224  0.04894231201048508 0.02 0.06
163.62081111111112  0.04878525863724425 0.02 0.06
164.46521111111113  0.04879543820780583 0.02 0.06
165.34944444444446  0.04235299960237705 0.02 0.06
166.1938555555556  0.04339945765684667 0.02 0.06
167.038  0.043066024028087145 0.02 0.06
167.8822  0.04389983216785401 0.02 0.06
168.7264  0.043648817759672186 0.02 0.06
169.5706  0.04297821531051143 0.02 0.06
170.41491111111114  0.043413499379537625 0.02 0.06
171.25911111111114  0.043511664182059526 0.02 0.06
172.10331111111114  0.043249094369226186 0.02 0.06
172.94760000000002  0.042240799548477065 0.02 0.06
173.83203333333336  0.03674480513073448 0.02 0.06
174.67623333333336  0.03679688279426035 0.02 0.06
175.52043333333336  0.03740498168614313 0.02 0.06
176.3647666666667  0.03709179934779989 0.02 0.06
177.20901111111112  0.037139737601381256 0.02 0.06
178.05328888888891  0.03719812743883665 0.02 0.06
178.8975  0.03751448419688047 0.02 0.06
179.7417  0.03771037720893011 0.02 0.06
180.58598888888892  0.03733352069633425 0.02 0.06
181.4301888888889  0.03700330102158184 0.02 0.06
182.27445555555556  0.03692535914915239 0.02 0.06
183.15885555555556  0.033072990393872376 0.02 0.06
184.00315555555557  0.0323842876069077 0.02 0.06
184.84747777777778  0.03310605106680566 0.02 0.06
185.69161111111111  0.03274003205871472 0.02 0.06
186.53584444444445  0.03252921244748245 0.02 0.06
187.38004444444445  0.032904193318079575 0.02 0.06
188.22431111111112  0.032501277186954586 0.02 0.06
189.06851111111112  0.03307116226800946 0.02 0.06
189.9126777777778  0.03272031046397943 0.02 0.06
190.75706666666667  0.032333493484394564 0.02 0.06
191.64145555555558  0.028958838732579085 0.02 0.06
192.4454777777778  0.0324497075601995 0.02 0.06
193.2896777777778  0.03185012101028755 0.02 0.06
194.17413333333334  0.028397733856268707 0.02 0.06
194.97813333333335  0.030694281321099665 0.02 0.06
195.82233333333335  0.031039132002362083 0.02 0.06
196.70684444444447  0.027896829711165014 0.02 0.06
197.5510888888889  0.028550636350285475 0.02 0.06
198.39530000000005  0.025074274002553774 0.02 0.06
199.23953333333336  0.024892815698649786 0.02 0.06
200.0837666666667  0.024909456968064642 0.02 0.06
200.92797777777778  0.024622675475489804 0.02 0.06
201.77220000000003  0.024858942426603324 0.02 0.06
202.61651111111112  0.02462829220035698 0.02 0.06
203.50080000000003  0.020850142858346077 0.02 0.06
204.30490000000003  0.023558918653785673 0.02 0.06
205.18935555555558  0.020617657306936828 0.02 0.06
206.03363333333334  0.0208342292291002 0.02 0.06
206.87778888888892  0.020925331232359762 0.02 0.06
207.72198888888892  0.02091218962291246 0.02 0.06
208.56618888888892  0.020853352150914762 0.02 0.06
209.4104777777778  0.020832825223354414 0.02 0.06
210.25475555555556  0.020689556456708426 0.02 0.06
211.0990777777778  0.020755136517107066 0.02 0.06
211.94331111111114  0.020719101781281668 0.02 0.06
212.78740000000002  0.02052443722866853 0.02 0.06
213.6316888888889  0.020181145948179127 0.02 0.06
214.47593333333336  0.02032601597373978 0.02 0.06
215.32014444444442  0.019757064153719008 0.02 0.06
216.20472222222224  0.016646586107989744 0.02 0.06
217.04890000000003  0.01683863346230638 0.02 0.06
217.89310000000003  0.016711814547382683 0.02 0.06
218.73736666666667  0.016905288726897182 0.02 0.06
219.58156666666667  0.016842224034904294 0.02 0.06
220.42576666666668  0.01684534744920379 0.02 0.06
221.26996666666668  0.016720501559901693 0.02 0.06
222.1142777777778  0.016842850393463542 0.02 0.06
222.9584777777778  0.016667866381059188 0.02 0.06
223.8026777777778  0.016566836184238116 0.02 0.06
224.64704444444445  0.016544452011219922 0.02 0.06
225.49124444444445  0.016509630357059348 0.02 0.06
226.33545555555557  0.01617850559114876 0.02 0.06
227.22006666666667  0.013048069000103312 0.02 0.06
228.0642777777778  0.012848969832942519 0.02 0.06
228.8681555555556  0.01529033766748826 0.02 0.06
229.75258888888894  0.012734085968666323 0.02 0.06
230.59682222222224  0.012936280012818333 0.02 0.06
231.44102222222224  0.012854491834046251 0.02 0.06
232.28525555555555  0.01278535576130938 0.02 0.06
233.1294777777778  0.012825130777854264 0.02 0.06
233.93352222222225  0.0127389726745367 0.02 0.06
234.81792222222222  0.012736826489613084 0.02 0.06
235.66212222222222  0.011506231582927585 0.02 0.06
236.50632222222222  0.011432905789563965 0.02 0.06
237.39076666666668  0.008377695986783852 0.02 0.06
238.1947666666667  0.011028613632521767 0.02 0.06
239.03906666666668  0.010827153451366249 0.02 0.06
239.8833111111111  0.010834753861244424 0.02 0.06
240.7676555555556  0.008374470214324707 0.02 0.06
241.57177777777778  0.010697954151883125 0.02 0.06
242.45622222222224  0.008686479004316653 0.02 0.06
243.26022222222227  0.010743830868769193 0.02 0.06
244.14462222222224  0.00861710376660076 0.02 0.06
244.98882222222224  0.008397688671614823 0.02 0.06
245.8332444444445  0.008510135924115491 0.02 0.06
246.6774  0.008646213725921968 0.02 0.06
247.5216444444445  0.00852102400171047 0.02 0.06
248.36586666666668  0.008506673435073409 0.02 0.06
249.21008888888892  0.008250584819606239 0.02 0.06
250.05433333333335  0.008426020372602242 0.02 0.06
250.89853333333335  0.007826555472794795 0.02 0.06
251.7427666666667  0.008215890241001242 0.02 0.06
252.58694444444447  0.008105160546455938 0.02 0.06
253.4311555555556  0.008246569531026374 0.02 0.06
254.27553333333336  0.007431277036004837 0.02 0.06
255.1197  0.008252487151000895 0.02 0.06
256.00416666666666  0.004976414282345874 0.02 0.06
256.84839999999997  0.004611288576996651 0.02 0.06
257.6525888888889  0.0071637804934415366 0.02 0.06
258.53682222222216  0.0048220057191911995 0.02 0.06
259.3811  0.004889651734458081 0.02 0.06
260.2254888888889  0.005041361083903544 0.02 0.06
261.0696  0.004730516812292591 0.02 0.06
261.9138  0.004819813280286539 0.02 0.06
262.758  0.004549968302726961 0.02 0.06
263.6022  0.004740850263363405 0.02 0.06
264.44657777777775  0.004851536615621437 0.02 0.06
265.29065555555553  0.0048296271312298095 0.02 0.06
266.13494444444444  0.0051046613737777075 0.02 0.06
266.97914444444444  0.004726596818637885 0.02 0.06
267.8234888888889  0.0044823803593540615 0.02 0.06
268.66773333333333  0.004607275963463674 0.02 0.06
269.5119555555555  0.004614053984582103 0.02 0.06
270.3963111111111  0.0022766924446100166 0.02 0.06
271.2004111111111  0.004473512842877875 0.02 0.06
272.0446333333333  0.004526317403884329 0.02 0.06
272.8888666666667  0.0044504965014454095 0.02 0.06
273.77326666666664  0.002277188081492792 0.02 0.06
274.6175111111111  0.0024450655554085696 0.02 0.06
275.46171111111113  0.0023585459077560635 0.02 0.06
276.30605555555553  0.002155663217488602 0.02 0.06
277.15026666666665  0.002206628925714625 0.02 0.06
277.99446666666665  0.0023280867774301594 0.02 0.06
278.8387111111111  0.001972778359498275 0.02 0.06
279.68297777777775  0.0023254008660890577 0.02 0.06
280.5272111111111  0.0021260025403403316 0.02 0.06
281.3716333333333  0.0021719155793793257 0.02 0.06
282.2156444444444  0.0022578231756275415 0.02 0.06
283.05994444444445  0.00202730530417593 0.02 0.06
283.90414444444446  0.0017342078944294118 0.02 0.06
284.74834444444446  0.0017897432952173463 0.02 0.06
285.5926111111111  0.0018110701703810224 0.02 0.06
286.4368111111111  0.0018761605780632856 0.02 0.06
287.2810111111111  0.0019290485501469617 0.02 0.06
288.1252111111111  0.0016971220658464868 0.02 0.06
288.96968888888887  0.0010838269459581304 0.02 0.06
289.81373333333335  0.0009084093416453691 0.02 0.06
290.65793333333335  0.0013758867412046669 0.02 0.06
291.5021777777778  0.0008783437212746061 0.02 0.06
293.19055555555553  0.0005841779319865568 0.02 0.06
294.03485555555557  0.00046260486359463106 0.02 0.06
294.8790888888889  0.0003143295769948532 0.02 0.06
