-1.3962634015954636 0.9647999999999999 0.06 0.02
1.3962634015954636 1.005066666666667 0.06 0.02
-1.3089969389957472 0.9647666666666659 0.06 0.02
1.3089969389957472 0.9648888888888889 0.06 0.02
-1.1344640137963142 0.9246000000000003 0.06 0.02
1.1344640137963142 0.9648888888888889 0.06 0.02
-1.0471975511965976 0.9246629629629631 0.06 0.02
1.0471975511965976 0.9246277777777776 0.06 0.02
-0.9599310885968813 0.9245666666666672 0.06 0.02
0.9599310885968813 0.9112777777777783 0.06 0.02
-0.8726646259971648 0.9145694444444445 0.06 0.02
0.8726646259971648 0.8944930555555555 0.06 0.02
-0.7853981633974483 0.8763799999999999 0.06 0.02
0.7853981633974483 0.8924688888888891 0.06 0.02
-0.6981317007977318 0.8925044444444442 0.06 0.02
0.6981317007977318 0.8844166666666663 0.06 0.02
-0.6108652381980153 0.8743652777777775 0.06 0.02
0.6108652381980153 0.8764088888888889 0.06 0.02
-0.5235987755982988 0.8643422222222223 0.06 0.02
0.5235987755982988 0.8597008547008544 0.06 0.02
-0.4363323129985824 0.8643324074074078 0.06 0.02
0.4363323129985824 0.8672047619047625 0.06 0.02
-0.3490658503988659 0.8464753086419748 0.06 0.02
0.3490658503988659 0.8576312169312168 0.06 0.02
-0.2617993877991494 0.8492611111111121 0.06 0.02
0.2617993877991494 0.8497819923371649 0.06 0.02
-0.17453292519943295 0.8538877037037035 0.06 0.02
0.17453292519943295 0.854283838383838 0.06 0.02
-0.08726646259971647 0.8489932426303857 0.06 0.02
0.08726646259971647 0.8498364298724956 0.06 0.02
