1.4468488696473516  1.005066666666667 0.06 0.02
-1.3801619509842173  0.9647999999999999 0.06 0.02
1.268021498476434  0.9648888888888889 0.06 0.02
-1.3160639410080817  0.9647666666666659 0.06 0.02
1.1868387495133113  0.9244888888888889 0.06 0.02
-1.2078411877536415  0.964900000000001 0.06 0.02
1.1764448970821801  0.9648888888888889 0.06 0.02
-1.0857499358097444  0.9246000000000003 0.06 0.02
1.0707504824857867  0.9247222222222224 0.06 0.02
-1.0677885582277888  0.9247444444444444 0.06 0.02
1.0203936414771786  0.9245333333333328 0.06 0.02
-1.0249207229061308  0.9246444444444446 0.06 0.02
0.9942545192308331  0.9246333333333343 0.06 0.02
-0.994371098815445  0.9246111111111119 0.06 0.02
0.9157242858039402  0.8844777777777768 0.06 0.02
-0.8943054140336388  0.8845111111111112 0.06 0.02
0.9225635025574495  0.9247222222222238 0.06 0.02
-0.9181208507695561  0.9245222222222225 0.06 0.02
0.8564766562251251  0.8843666666666667 0.06 0.02
-0.7955759479480924  0.8844222222222218 0.06 0.02
0.8535436811261937  0.8843999999999994 0.06 0.02
-0.8375030416051366  0.8844333333333338 0.06 0.02
0.8592526329817025  0.8844333333333338 0.06 0.02
-0.8552426570162265  0.9648111111111106 0.06 0.02
0.8258966581394658  0.9246888888888876 0.06 0.02
-0.6008906082719496  0.8040888888888897 0.06 0.02
0.8269634302267683  0.8441444444444439 0.06 0.02
-0.8117297730102733  0.9246444444444428 0.06 0.02
0.8203101006438946  0.9247111111111117 0.06 0.02
-0.7299569157772972  0.8843999999999994 0.06 0.02
0.7388537316360997  0.8442000000000007 0.06 0.02
-0.7636590907557864  0.8442000000000007 0.06 0.02
0.7485741186035616  0.9246000000000016 0.06 0.02
-0.7603179128054954  0.8442000000000007 0.06 0.02
0.6986839681941099  0.844366666666664 0.06 0.02
-0.714853159092496  0.8844777777777768 0.06 0.02
0.6922499363651223  0.8843111111111099 0.06 0.02
-0.6491182044918631  0.9245999999999981 0.06 0.02
0.6860058482823657  0.8442000000000007 0.06 0.02
-0.682012273354872  0.9247444444444461 0.06 0.02
0.6605143338085223  0.9648222222222209 0.06 0.02
-0.6416081463963577  0.8441777777777766 0.06 0.02
0.5994687027067263  0.8442444444444455 0.06 0.02
-0.665681387448982  0.8443000000000005 0.06 0.02
0.6245878059225269  0.8844999999999992 0.06 0.02
-0.6414270631782715  0.9246000000000016 0.06 0.02
0.6151327743585895  0.884455555555558 0.06 0.02
-0.5899573508617423  0.8441999999999972 0.06 0.02
0.5690801403329826  0.8441999999999972 0.06 0.02
-0.611769541497619  0.884400000000003 0.06 0.02
0.6050303025625142  0.8846000000000025 0.06 0.02
-0.5854982891337568  0.8844555555555544 0.06 0.02
0.6036158548209043  0.8843555555555547 0.06 0.02
-0.5469676329780555  0.8443000000000005 0.06 0.02
0.5685828125521564  0.8442000000000007 0.06 0.02
-0.5975804264907225  0.8843999999999994 0.06 0.02
0.5899455004816816  0.8843999999999994 0.06 0.02
-0.5205128203249885  0.8843999999999994 0.06 0.02
0.5674392300335999  0.8443111111111108 0.06 0.02
-0.5324213363794953  0.8443111111111108 0.06 0.02
0.5365540911219537  0.8843999999999994 0.06 0.02
-0.5232106496719707  0.8843999999999994 0.06 0.02
0.5528102136879292  0.8442000000000007 0.06 0.02
-0.4945496843620219  0.8442000000000007 0.06 0.02
0.5067081798928827  0.9246888888888876 0.06 0.02
-0.5395584108075634  0.8845666666666645 0.06 0.02
0.48082821708864754  0.8040111111111159 0.06 0.02
-0.4904265980719272  0.8441444444444457 0.06 0.02
0.49040957920368056  0.8844111111111062 0.06 0.02
-0.5076772665895303  0.8843999999999994 0.06 0.02
0.4933191719137339  0.8844555555555544 0.06 0.02
-0.5017550325191736  0.8443222222222246 0.06 0.02
0.4850766151750362  0.844188888888894 0.06 0.02
-0.4995214889876582  0.8843777777777788 0.06 0.02
0.4809776856822297  0.8844888888888889 0.06 0.02
-0.4471624051399592  0.8844333333333338 0.06 0.02
0.4411207760111948  0.8843999999999994 0.06 0.02
-0.45369391803519366  0.8442000000000007 0.06 0.02
0.40249128971063153  0.8442000000000007 0.06 0.02
-0.45498264392442056  0.8843999999999994 0.06 0.02
0.4981347270546827  0.8442666666666625 0.06 0.02
-0.4322261315487293  0.8442666666666625 0.06 0.02
0.4486176144231426  0.8843999999999994 0.06 0.02
-0.4616243480242331  0.804000000000002 0.06 0.02
0.4822588747816262  0.8442888888888902 0.06 0.02
-0.46583135532853115  0.8845000000000027 0.06 0.02
0.42993174060128236  0.8844777777777821 0.06 0.02
-0.37371725126952277  0.8442666666666625 0.06 0.02
0.38806765804342347  0.8442111111111075 0.06 0.02
-0.4474280591655302  0.9246111111111119 0.06 0.02
0.39711384524715637  0.8843999999999994 0.06 0.02
-0.41352201845069575  0.8442666666666696 0.06 0.02
0.37709809431320884  0.8443111111111108 0.06 0.02
-0.41168034015587474  0.8844111111111062 0.06 0.02
0.44814120628322046  0.8442555555555558 0.06 0.02
-0.3911253242036422  0.8442888888888902 0.06 0.02
0.4082673524079996  0.8844111111111133 0.06 0.02
-0.4017876090009514  0.8442111111111075 0.06 0.02
0.3824849708711851  0.804000000000002 0.06 0.02
-0.4162218426999738  0.8844000000000065 0.06 0.02
0.38526835343165805  0.9246222222222187 0.06 0.02
-0.37272298053239417  0.8442444444444419 0.06 0.02
0.35763400756879166  0.8441777777777801 0.06 0.02
-0.3824646225898244  0.8441444444444457 0.06 0.02
0.419305043050506  0.8845111111111095 0.06 0.02
-0.38311080996092595  0.9247111111111153 0.06 0.02
0.31926219476993395  0.8441666666666663 0.06 0.02
-0.3322881684247137  0.7638222222222169 0.06 0.02
0.3507671591739165  0.844244444444449 0.06 0.02
-0.3036809120393921  0.8442000000000007 0.06 0.02
0.3542208268555028  0.8843999999999994 0.06 0.02
-0.2980008585109883  0.9247000000000014 0.06 0.02
0.3275947331840256  0.8442999999999969 0.06 0.02
-0.35700499284659226  0.8442111111111146 0.06 0.02
0.33954793124271826  0.8442111111111146 0.06 0.02
-0.360016118295601  0.8843999999999994 0.06 0.02
0.3310635404676224  0.8441999999999936 0.06 0.02
-0.34629184863614204  0.8442777777777764 0.06 0.02
0.3378296446492019  0.8844777777777821 0.06 0.02
-0.35248193425564733  0.7638444444444445 0.06 0.02
0.3077693926940486  0.8442444444444419 0.06 0.02
-0.3492019355610927  0.8442000000000007 0.06 0.02
0.3343100456554684  0.8442000000000007 0.06 0.02
-0.320876678479608  0.8843999999999994 0.06 0.02
0.3299647955404446  0.8443222222222246 0.06 0.02
-0.2528612830062858  0.8040888888888844 0.06 0.02
0.3115081668336861  0.8441666666666663 0.06 0.02
-0.25711135111821193  0.9246000000000052 0.06 0.02
0.31679508567131126  0.8843999999999994 0.06 0.02
-0.25061591228869884  0.9246111111111119 0.06 0.02
0.30849187994298605  0.8845222222222233 0.06 0.02
-0.3117572276761917  0.8443111111111108 0.06 0.02
0.30023759712062886  0.8442000000000007 0.06 0.02
-0.3153622648505193  0.8442444444444419 0.06 0.02
0.29764521429656393  0.884477777777775 0.06 0.02
-0.32669289583256395  0.8844444444444477 0.06 0.02
0.25589545310885553  0.8442111111111146 0.06 0.02
-0.29891585506330026  0.7638444444444374 0.06 0.02
0.26932503379415507  0.8442888888888902 0.06 0.02
-0.2207157602788706  0.8843444444444515 0.06 0.02
0.28379310589737616  0.8040111111111088 0.06 0.02
-0.2312326052384525  0.9247444444444426 0.06 0.02
0.2807255660190543  0.8844333333333338 0.06 0.02
-0.2870089255429644  0.8442000000000007 0.06 0.02
0.2825388347289472  0.8845111111111095 0.06 0.02
-0.2952294195472482  0.8442222222222213 0.06 0.02
0.24343494065876803  0.844244444444449 0.06 0.02
-0.28992928680880914  0.8442000000000007 0.06 0.02
0.2713635493656932  0.844177777777773 0.06 0.02
-0.29211097459858854  0.8040888888888986 0.06 0.02
0.2675033641762157  0.8844333333333338 0.06 0.02
-0.20210778074221109  0.8442888888888831 0.06 0.02
0.2454779462610919  0.8442333333333352 0.06 0.02
-0.19711166362642862  0.8843999999999994 0.06 0.02
0.25442498055578383  0.8442555555555629 0.06 0.02
-0.08702963346955823  0.844355555555552 0.06 0.02
0.25935537543418025  0.8442222222222142 0.06 0.02
-0.2124511252721362  0.9245222222222225 0.06 0.02
0.25523008647599627  0.8441999999999865 0.06 0.02
-0.2628761915390897  0.8442000000000007 0.06 0.02
0.2547539508290913  0.8442000000000149 0.06 0.02
-0.2689321726661038  0.8442666666666696 0.06 0.02
0.2512467599953968  0.8844333333333338 0.06 0.02
-0.2650132864520026  0.8040444444444432 0.06 0.02
0.24471130918954562  0.844300000000004 0.06 0.02
-0.22091976760037424  0.924611111111119 0.06 0.02
0.2479138071287821  0.6432222222222208 0.06 0.02
-0.25607080088257567  0.844177777777773 0.06 0.02
0.04164578293081838  1.085388888888886 0.06 0.02
-0.26267339166888337  0.7638222222222169 0.06 0.02
0.22987409167711134  0.8041000000000054 0.06 0.02
-0.18619595975841027  0.9650111111111244 0.06 0.02
0.23679721789168254  0.9246333333333325 0.06 0.02
-0.23757981926415755  0.7637444444444554 0.06 0.02
0.19477579215954766  0.8442000000000007 0.06 0.02
-0.1650792707728547  0.7236333333333107 0.06 0.02
0.21810722575338684  0.844177777777773 0.06 0.02
-0.036422297558568024  1.0452555555555563 0.06 0.02
0.28082467777813164  0.8443111111111108 0.06 0.02
-0.1900400108559897  0.8442000000000007 0.06 0.02
0.2835876397775258  0.8442000000000007 0.06 0.02
-0.2405163883218151  0.8843999999999994 0.06 0.02
0.2163506586297103  0.8843999999999994 0.06 0.02
-0.2390730665266818  0.8442444444444419 0.06 0.02
0.19471038847607988  0.8442777777777764 0.06 0.02
-0.22256002693632917  0.8442555555555629 0.06 0.02
0.18598620013800604  0.8040222222222297 0.06 0.02
-0.22479377459651106  0.8443111111111108 0.06 0.02
0.20265957684878813  0.844300000000004 0.06 0.02
-0.23635807100110756  0.8038555555555575 0.06 0.02
0.1969729347081346  0.8441666666666663 0.06 0.02
-0.16440456799013348  0.9247000000000014 0.06 0.02
0.16805468995490508  0.8843999999999994 0.06 0.02
-0.2462649749343169  0.7639666666666614 0.06 0.02
0.26169563994200234  0.8442666666666554 0.06 0.02
-0.1498696601577454  0.9244999999999948 0.06 0.02
0.2607753279020812  0.9246000000000123 0.06 0.02
-0.21296552913325434  0.8442000000000007 0.06 0.02
0.1622804819409535  0.7637999999999892 0.06 0.02
-0.21449475086384373  0.8442000000000007 0.06 0.02
0.19093220976640327  0.8846333333333405 0.06 0.02
-0.22281678152679735  0.8845666666666716 0.06 0.02
0.1893762217360576  0.8441111111111042 0.06 0.02
-0.2062134814269456  0.8442777777777764 0.06 0.02
0.19009020153731873  0.8844444444444548 0.06 0.02
-0.20244849578970522  0.8441444444444528 0.06 0.02
0.18730665667917548  0.8442000000000007 0.06 0.02
-0.2049289555708332  0.8441999999999865 0.06 0.02
0.16478103343952466  0.8441666666666663 0.06 0.02
-0.2190103289810663  0.8442666666666696 0.06 0.02
0.1660352042051902  0.8443444444444452 0.06 0.02
-0.21900333535635058  0.8845444444444439 0.06 0.02
0.16723636159554928  0.8441888888888798 0.06 0.02
-0.20667253540164118  0.8441000000000116 0.06 0.02
0.1689659446164099  0.8845444444444439 0.06 0.02
-0.20766747352760917  0.8442777777777764 0.06 0.02
0.1527446762798391  0.8441444444444528 0.06 0.02
-0.20909756779428246  0.8442222222222142 0.06 0.02
0.1549686607674183  0.8442222222222142 0.06 0.02
-0.20914456000638995  0.8443111111111108 0.06 0.02
0.15591904278641897  0.8442888888888973 0.06 0.02
-0.20792166922744487  0.8843222222222238 0.06 0.02
0.15581515755919062  0.8442000000000007 0.06 0.02
-0.1779211099070445  0.8443333333333385 0.06 0.02
0.15616501160865295  0.8844222222222129 0.06 0.02
-0.17980840768296993  0.8843444444444373 0.06 0.02
0.1430317262951387  0.8040222222222297 0.06 0.02
-0.16778876039020046  0.8040666666666709 0.06 0.02
0.15403360124789364  0.9246444444444393 0.06 0.02
-0.19830214828438109  0.8442444444444419 0.06 0.02
0.13032950721499892  0.8443222222222175 0.06 0.02
-0.19930387194808005  0.8844555555555615 0.06 0.02
0.13442874990620693  0.7637222222222277 0.06 0.02
-0.17879437118368147  0.8442444444444419 0.06 0.02
0.1493232916741795  0.844300000000004 0.06 0.02
-0.18210152603494803  0.844355555555552 0.06 0.02
0.14611913834801177  0.9246444444444393 0.06 0.02
-0.18277253735005677  0.8440555555555562 0.06 0.02
0.14732346756213555  0.844300000000004 0.06 0.02
-0.18268466394669797  0.844300000000004 0.06 0.02
0.15042346567325734  0.8039777777777743 0.06 0.02
-0.1841766830903538  0.8040111111111088 0.06 0.02
0.15515832819225459  0.8843999999999994 0.06 0.02
-0.10737788416189781  0.9245999999999981 0.06 0.02
0.14613495895880757  0.8442000000000007 0.06 0.02
-0.15861988923829093  0.8442000000000007 0.06 0.02
0.150217007380064  0.8442000000000007 0.06 0.02
-0.16113003776604096  0.8443111111111108 0.06 0.02
0.15061885044514214  0.9247111111110939 0.06 0.02
-0.1715796704635055  0.8442000000000007 0.06 0.02
0.11581968729093027  0.7638555555555797 0.06 0.02
-0.17252177840815694  0.8442555555555629 0.06 0.02
0.1448742630931552  0.8441999999999865 0.06 0.02
-0.17457461303699703  0.8039999999999878 0.06 0.02
0.14338935051010632  0.8442000000000007 0.06 0.02
-0.10047697980525717  0.9246000000000123 0.06 0.02
0.12967395311821917  0.8442000000000007 0.06 0.02
-0.15704329092071675  0.8442555555555487 0.06 0.02
0.12779224902257422  0.8443666666666729 0.06 0.02
-0.15902039520724812  0.8443111111111108 0.06 0.02
0.12629098802834732  0.9245444444444502 0.06 0.02
-0.10054876929641325  0.8441444444444386 0.06 0.02
0.12779574342322048  0.8441999999999865 0.06 0.02
-0.16454231330804425  0.7638000000000034 0.06 0.02
0.2076476934384919  0.8041555555555675 0.06 0.02
-0.15087006717585202  0.924611111111119 0.06 0.02
0.12131447807022774  0.8441888888888798 0.06 0.02
-0.15606865790734806  0.8846222222222195 0.06 0.02
0.1316725378835853  0.8844222222222271 0.06 0.02
-0.14501488637137744  0.8441333333333318 0.06 0.02
0.12895775909898058  0.8843999999999994 0.06 0.02
-0.1516406736937298  0.8442444444444419 0.06 0.02
0.11876098601722283  0.8442666666666696 0.06 0.02
-0.15448312821167476  0.8442777777777764 0.06 0.02
0.12204765512043965  0.8443333333333243 0.06 0.02
-0.15309874121739378  0.8441222222222251 0.06 0.02
0.11880969155675322  0.8441777777777872 0.06 0.02
-0.156655973591076  0.8443222222222175 0.06 0.02
0.12109358900495637  0.8442000000000007 0.06 0.02
-0.15521994279281676  0.8844222222222271 0.06 0.02
0.12204711274714565  0.8441555555555453 0.06 0.02
-0.13844651074413855  0.8441444444444386 0.06 0.02
0.12250981989006145  0.9247000000000014 0.06 0.02
-0.07347285065994573  0.844300000000004 0.06 0.02
0.08549349904461787  0.7236000000000047 0.06 0.02
-0.14868784614290492  0.8442000000000007 0.06 0.02
0.10925233107617403  0.844300000000004 0.06 0.02
-0.1498795454797173  0.844311111111125 0.06 0.02
0.11108712385696624  0.8442111111111075 0.06 0.02
-0.1514412678948925  0.8442000000000007 0.06 0.02
0.10548870960249959  0.8844333333333338 0.06 0.02
-0.14670626797439917  0.8442222222222142 0.06 0.02
0.11881477570638684  0.8442222222222142 0.06 0.02
-0.14615201550353862  0.8844555555555473 0.06 0.02
0.11794763260995758  0.8442222222222426 0.06 0.02
-0.12941354566804747  0.8442444444444561 0.06 0.02
0.10107689051714912  0.8844444444444264 0.06 0.02
-0.13070539423622266  0.8442000000000007 0.06 0.02
0.11197899697762133  0.804000000000002 0.06 0.02
-0.1309411064062585  0.8442000000000007 0.06 0.02
0.09618873604384925  0.9245777777777846 0.06 0.02
-0.13699020163975442  0.8442777777777621 0.06 0.02
0.10838622030704087  0.8041777777777668 0.06 0.02
-0.13899794402290713  0.8442555555555487 0.06 0.02
0.09390990865504245  0.8442000000000007 0.06 0.02
-0.13879537848259585  0.8441777777777872 0.06 0.02
0.09363272949147998  0.8442333333333352 0.06 0.02
-0.13757899913650085  0.8442777777777906 0.06 0.02
0.09866443100368054  0.8442000000000007 0.06 0.02
-0.13737613259321282  0.8843999999999994 0.06 0.02
0.10742737528628135  0.8845111111111237 0.06 0.02
-0.12297913518361299  0.8444555555555553 0.06 0.02
0.10336407682371265  0.8441222222222109 0.06 0.02
-0.12317927601171  0.8441111111110899 0.06 0.02
0.10437559178675054  0.8847111111111019 0.06 0.02
-0.1318182599608267  0.8442888888889115 0.06 0.02
0.10078967213779746  0.8440666666666914 0.06 0.02
-0.13066220728144948  0.8441555555555453 0.06 0.02
0.09467089980327305  0.8040777777777635 0.06 0.02
-0.13050657347082956  0.8442222222222142 0.06 0.02
0.09064387099674633  0.8442000000000007 0.06 0.02
-0.1292788574584756  0.8442777777777906 0.06 0.02
0.08882450971183606  0.8442444444444561 0.06 0.02
-0.1301690630312194  0.8844444444444548 0.06 0.02
0.08807651872795201  0.8442444444444277 0.06 0.02
-0.11362075039823445  0.8442222222222142 0.06 0.02
0.09905639679643174  0.8843999999999994 0.06 0.02
-0.11845176261358213  0.8442000000000007 0.06 0.02
0.09579713684578241  0.8843999999999994 0.06 0.02
-0.12295235502766984  0.8442444444444277 0.06 0.02
0.0933959688559133  0.8846333333333405 0.06 0.02
-0.12066819213225317  0.8441555555555738 0.06 0.02
0.07448111490736181  0.7636666666666656 0.06 0.02
-0.12407710791291465  0.844300000000004 0.06 0.02
0.08872861893839347  0.8843999999999994 0.06 0.02
-0.12252914757833923  0.8845999999999776 0.06 0.02
0.08942915252245585  0.8041666666666742 0.06 0.02
-0.10582290542290064  0.8441333333333318 0.06 0.02
0.0933948572757625  0.8441666666666663 0.06 0.02
-0.10654297730891672  0.8442000000000007 0.06 0.02
0.09059873452521697  0.8844555555555473 0.06 0.02
-0.10764551908678634  0.8443333333333385 0.06 0.02
0.08865159594901678  0.8441666666666663 0.06 0.02
-0.11200774907205006  0.8441888888889082 0.06 0.02
0.08901740229062446  0.8444000000000074 0.06 0.02
-0.11424573864763234  0.8442444444444277 0.06 0.02
0.08570655802205265  0.8039444444444541 0.06 0.02
-0.11545072844087725  0.8442000000000007 0.06 0.02
0.07131247167271493  0.9246333333333325 0.06 0.02
-0.11503918837825501  0.8443444444444594 0.06 0.02
0.08033651045918451  0.8039777777777601 0.06 0.02
-0.11473752731119524  0.8441666666666663 0.06 0.02
0.0860877427489664  0.8844888888888818 0.06 0.02
-0.11566545277034897  0.8843888888888785 0.06 0.02
0.0781655222612894  0.8441777777777872 0.06 0.02
-0.1064407617235423  0.844300000000004 0.06 0.02
0.08131254609004268  0.8041222222222189 0.06 0.02
-0.10873090310831493  0.8441555555555453 0.06 0.02
0.0831406782656489  0.8442555555555487 0.06 0.02
-0.10703372057305663  0.8443222222222175 0.06 0.02
0.08128755057669425  0.8441777777777872 0.06 0.02
-0.10787693574404383  0.8442333333333352 0.06 0.02
0.07883712878857632  0.8442777777777906 0.06 0.02
-0.10836022336928922  0.8442000000000007 0.06 0.02
0.07235734340482303  0.8442000000000007 0.06 0.02
-0.10891208195820916  0.8442000000000007 0.06 0.02
0.07327404544252139  0.8443111111110966 0.06 0.02
-0.10875339886050954  0.8443444444444594 0.06 0.02
0.06993474427390158  0.8844333333333338 0.06 0.02
-0.10845448468848473  0.8843999999999994 0.06 0.02
0.07759328292766299  0.8442000000000007 0.06 0.02
-0.09945179979148888  0.8443333333333385 0.06 0.02
0.07698983735720714  0.8844222222221845 0.06 0.02
-0.09315170828227487  0.8441666666666663 0.06 0.02
0.06792344932005527  0.8040222222222724 0.06 0.02
-0.10094728397060955  0.8442777777777621 0.06 0.02
0.07455182529436448  0.9247111111110939 0.06 0.02
-0.10177726494670507  0.8442777777777906 0.06 0.02
0.060070703702121094  0.8040444444444574 0.06 0.02
-0.10203300701052272  0.8441444444444244 0.06 0.02
0.07231564789500633  0.8441666666666663 0.06 0.02
-0.10066713790535368  0.8442777777777906 0.06 0.02
0.07254032131673628  0.8040666666666709 0.06 0.02
-0.10225701579530541  0.8441777777777872 0.06 0.02
0.06450876202618527  0.9648555555555447 0.06 0.02
-0.10176109359369145  0.8845888888888851 0.06 0.02
0.06276680980414989  0.7639000000000067 0.06 0.02
-0.09327574488737193  0.8441888888888798 0.06 0.02
0.06999541468339883  0.8844333333333338 0.06 0.02
-0.09420108188665077  0.8442222222222142 0.06 0.02
0.06524332537714823  0.8442333333333352 0.06 0.02
-0.09612837672471686  0.8442555555555771 0.06 0.02
0.05869342629431648  0.8040888888888844 0.06 0.02
-0.0957891324134817  0.8442333333333352 0.06 0.02
0.06760411349099678  0.8844111111111204 0.06 0.02
-0.0947880565343024  0.8442111111110933 0.06 0.02
0.06596618468573553  0.8442000000000007 0.06 0.02
-0.09516976208981932  0.8442000000000007 0.06 0.02
0.0655472760514887  0.8843999999999994 0.06 0.02
-0.09454700298572785  0.8442555555555487 0.06 0.02
0.05672319367670236  0.7638222222222169 0.06 0.02
-0.09492011775693256  0.8844222222222413 0.06 0.02
0.059019169784973215  0.8442555555555487 0.06 0.02
-0.08629542668347423  0.8442000000000007 0.06 0.02
0.05592809374913198  0.8442000000000007 0.06 0.02
-0.088604149691361  0.8442000000000007 0.06 0.02
0.054730706485883004  0.8843999999999994 0.06 0.02
-0.08815072355137757  0.8442000000000007 0.06 0.02
0.062062272193166054  0.844266666666698 0.06 0.02
-0.08718628595360713  0.8442888888888831 0.06 0.02
0.05675616317969784  0.8040222222221871 0.06 0.02
-0.09345379769181773  0.8442000000000007 0.06 0.02
0.04898191856001167  0.8843999999999994 0.06 0.02
-0.0947273177857208  0.8442000000000007 0.06 0.02
0.045723664887044435  0.8442555555555487 0.06 0.02
-0.09475960041210735  0.8442777777777621 0.06 0.02
0.045398396233670306  0.8442333333333352 0.06 0.02
-0.09598393370529797  0.8442111111111217 0.06 0.02
0.05623689513711338  0.9245999999999981 0.06 0.02
-0.0877080826415859  0.8442000000000007 0.06 0.02
0.05380827512207938  0.8442666666666696 0.06 0.02
-0.08775166548786421  0.8444000000000074 0.06 0.02
0.05380692150109581  0.8442222222222426 0.06 0.02
-0.08752575516089017  0.8842888888888751 0.06 0.02
0.05370855672396104  0.8442777777777621 0.06 0.02
-0.081456808655391  0.8442333333333352 0.06 0.02
0.05394501650669932  0.8442111111111217 0.06 0.02
-0.08159680692559433  0.8442555555555487 0.06 0.02
0.05366844066606709  0.804000000000002 0.06 0.02
-0.08698258297842168  0.8442444444444561 0.06 0.02
0.042502495210449624  0.804044444444429 0.06 0.02
-0.08768259125030328  0.8442000000000007 0.06 0.02
0.041923729060798165  0.8442000000000007 0.06 0.02
-0.08690629215870756  0.8443333333333385 0.06 0.02
0.03552372342031122  0.8844666666666683 0.06 0.02
-0.08721221336552298  0.8442444444444277 0.06 0.02
0.043151049827673635  0.8442444444444561 0.06 0.02
-0.0866901071451004  0.8441666666666663 0.06 0.02
0.041500908900767214  0.8442333333333352 0.06 0.02
-0.08602872632244545  0.8843999999999994 0.06 0.02
0.0390051639986972  0.8442000000000007 0.06 0.02
-0.065131402193884  0.804000000000002 0.06 0.02
0.042064908793380644  0.8845666666666716 0.06 0.02
-0.08447255262480076  0.8845333333333656 0.06 0.02
0.044038098418295576  0.8039666666666676 0.06 0.02
-0.08113560439181763  0.8441888888888514 0.06 0.02
0.033355780317354804  0.9246888888888805 0.06 0.02
-0.07581379234411427  0.8442666666666696 0.06 0.02
0.04894231201048508  0.8441888888888798 0.06 0.02
-0.07560527100161171  0.8442444444444561 0.06 0.02
0.04878525863724425  0.8444000000000074 0.06 0.02
-0.07544975204741107  0.8443333333333385 0.06 0.02
0.04879543820780583  0.8842333333333272 0.06 0.02
-0.07593102178845833  0.8442333333333352 0.06 0.02
0.04235299960237705  0.8444111111111283 0.06 0.02
-0.07582805253688255  0.8442555555555487 0.06 0.02
0.04339945765684667  0.8441444444444244 0.06 0.02
-0.07542813347164637  0.8441444444444528 0.06 0.02
0.043066024028087145  0.8442000000000007 0.06 0.02
-0.0751657936668764  0.8442000000000007 0.06 0.02
0.04389983216785401  0.8442000000000007 0.06 0.02
-0.0749751228251386  0.8442000000000007 0.06 0.02
0.043648817759672186  0.8442000000000007 0.06 0.02
-0.07551866838964125  0.8845000000000027 0.06 0.02
0.04297821531051143  0.844311111111125 0.06 0.02
-0.07003278691045181  0.8442111111110933 0.06 0.02
0.043413499379537625  0.8442000000000007 0.06 0.02
-0.06958651139902981  0.8442000000000007 0.06 0.02
0.043511664182059526  0.8442000000000007 0.06 0.02
-0.07054236553435748  0.8442000000000007 0.06 0.02
0.043249094369226186  0.8442888888888831 0.06 0.02
-0.07002268187730361  0.8442888888888831 0.06 0.02
0.042240799548477065  0.8844333333333338 0.06 0.02
-0.06917245659660295  0.8442333333333352 0.06 0.02
0.03674480513073448  0.8442000000000007 0.06 0.02
-0.07090098967952295  0.8442000000000007 0.06 0.02
0.03679688279426035  0.8442000000000007 0.06 0.02
-0.06979793013843635  0.8442888888888831 0.06 0.02
0.03740498168614313  0.8443333333333385 0.06 0.02
-0.07057415449030491  0.844300000000004 0.06 0.02
0.03709179934779989  0.8442444444444277 0.06 0.02
-0.06961419525098977  0.8844111111111204 0.06 0.02
0.037139737601381256  0.8442777777777906 0.06 0.02
-0.0648792319455471  0.8041222222222189 0.06 0.02
0.03719812743883665  0.8442111111110933 0.06 0.02
-0.06929557580713804  0.8843444444444515 0.06 0.02
0.03751448419688047  0.8442000000000007 0.06 0.02
-0.06544422262877302  0.8442000000000007 0.06 0.02
0.03771037720893011  0.8442888888889115 0.06 0.02
-0.06469181192858081  0.8442888888888831 0.06 0.02
0.03733352069633425  0.8441999999999723 0.06 0.02
-0.065390472094785  0.8441666666666663 0.06 0.02
0.03700330102158184  0.8442666666666696 0.06 0.02
-0.06522512258316374  0.844300000000004 0.06 0.02
0.03692535914915239  0.8843999999999994 0.06 0.02
-0.06543715492768591  0.8443888888888864 0.06 0.02
0.033072990393872376  0.844300000000004 0.06 0.02
-0.06528084689445342  0.844022222222236 0.06 0.02
0.0323842876069077  0.8443222222222175 0.06 0.02
-0.0646205871141581  0.8444333333333134 0.06 0.02
0.03310605106680566  0.8441333333333318 0.06 0.02
-0.06461414033701474  0.8441111111111184 0.06 0.02
0.03274003205871472  0.8442333333333352 0.06 0.02
-0.06413452088467607  0.8844333333333338 0.06 0.02
0.03252921244748245  0.8442000000000007 0.06 0.02
-0.059719857423367384  0.804000000000002 0.06 0.02
0.032904193318079575  0.8442666666666696 0.06 0.02
-0.06366564451027729  0.8442666666666696 0.06 0.02
0.032501277186954586  0.8442000000000007 0.06 0.02
-0.06365261398124573  0.8844777777777608 0.06 0.02
0.03307116226800946  0.8441666666666663 0.06 0.02
-0.06034662224114514  0.8441888888889082 0.06 0.02
0.03272031046397943  0.8443888888888864 0.06 0.02
-0.06043279581114862  0.8442222222222142 0.06 0.02
0.032333493484394564  0.8843888888889069 0.06 0.02
-0.06059584153603862  0.8442555555555487 0.06 0.02
0.028958838732579085  0.8040222222222155 0.06 0.02
-0.06048098562461498  0.8442222222222142 0.06 0.02
0.0324497075601995  0.8442000000000007 0.06 0.02
-0.06034250687272181  0.8442000000000007 0.06 0.02
0.03185012101028755  0.8844555555555473 0.06 0.02
-0.06067405000434856  0.8442555555555771 0.06 0.02
0.028397733856268707  0.804000000000002 0.06 0.02
-0.06008044716257348  0.8442000000000007 0.06 0.02
0.030694281321099665  0.8442000000000007 0.06 0.02
-0.05991316400633712  0.8442444444444277 0.06 0.02
0.031039132002362083  0.8845111111111237 0.06 0.02
-0.059572697800347255  0.8443777777777939 0.06 0.02
0.027896829711165014  0.8442444444444277 0.06 0.02
-0.055902131087071996  0.8441444444444244 0.06 0.02
0.028550636350285475  0.8442111111111501 0.06 0.02
-0.05903550511139137  0.8844888888889102 0.06 0.02
0.025074274002553774  0.8442333333333067 0.06 0.02
-0.05852615516121587  0.8441777777777588 0.06 0.02
0.024892815698649786  0.8442333333333352 0.06 0.02
-0.058410492739916504  0.844355555555552 0.06 0.02
0.024909456968064642  0.8442111111110933 0.06 0.02
-0.05822367984419553  0.8440777777777839 0.06 0.02
0.024622675475489804  0.8442222222222426 0.06 0.02
-0.05871081383454223  0.8442000000000007 0.06 0.02
0.024858942426603324  0.8443111111110966 0.06 0.02
-0.05875452028702136  0.8442555555555487 0.06 0.02
0.02462829220035698  0.8842888888889036 0.06 0.02
-0.05871919504742162  0.8442444444444561 0.06 0.02
0.020850142858346077  0.8041000000000054 0.06 0.02
-0.05875066089088221  0.8442222222222142 0.06 0.02
0.023558918653785673  0.8844555555555473 0.06 0.02
-0.05845509131516774  0.8442222222222426 0.06 0.02
0.020617657306936828  0.8442777777777621 0.06 0.02
-0.05825108900606825  0.8442444444444277 0.06 0.02
0.0208342292291002  0.8441555555555738 0.06 0.02
-0.05827908975162588  0.8442000000000291 0.06 0.02
0.020925331232359762  0.8442000000000007 0.06 0.02
-0.058038489575427156  0.8441999999999723 0.06 0.02
0.02091218962291246  0.8442000000000007 0.06 0.02
-0.05814752383968425  0.8442000000000007 0.06 0.02
0.020853352150914762  0.8442888888888831 0.06 0.02
-0.05818565717325162  0.8845888888888851 0.06 0.02
0.020832825223354414  0.8442777777777621 0.06 0.02
-0.054242745496716586  0.8441888888889082 0.06 0.02
0.020689556456708426  0.844322222222246 0.06 0.02
-0.05431321277822372  0.8441444444444244 0.06 0.02
0.020755136517107066  0.8442333333333352 0.06 0.02
-0.054201814931569496  0.8443444444444594 0.06 0.02
0.020719101781281668  0.8440888888888765 0.06 0.02
-0.054467498563656375  0.8442333333333352 0.06 0.02
0.02052443722866853  0.8442888888888831 0.06 0.02
-0.054396726570278955  0.8442000000000007 0.06 0.02
0.020181145948179127  0.8442444444444561 0.06 0.02
-0.054275974166614574  0.844355555555552 0.06 0.02
0.02032601597373978  0.8442111111110648 0.06 0.02
-0.05472492060831734  0.8442000000000007 0.06 0.02
0.019757064153719008  0.884577777777821 0.06 0.02
-0.05446670431788124  0.8442222222222142 0.06 0.02
0.016646586107989744  0.8441777777777872 0.06 0.02
-0.054715540269661  0.8442333333333352 0.06 0.02
0.01683863346230638  0.8442000000000007 0.06 0.02
-0.054543887075380486  0.8441666666666663 0.06 0.02
0.016711814547382683  0.8442666666666412 0.06 0.02
-0.05411220849954467  0.844300000000004 0.06 0.02
0.016905288726897182  0.8442000000000007 0.06 0.02
-0.05410557890025591  0.8442000000000007 0.06 0.02
0.016842224034904294  0.8442000000000007 0.06 0.02
-0.05372314413797568  0.8442000000000007 0.06 0.02
0.01684534744920379  0.8442000000000007 0.06 0.02
-0.05327871566761052  0.8442000000000007 0.06 0.02
0.016720501559901693  0.844311111111125 0.06 0.02
-0.05318083817920139  0.8443111111110966 0.06 0.02
0.016842850393463542  0.8442000000000007 0.06 0.02
-0.05291677089321008  0.8844000000000278 0.06 0.02
0.016667866381059188  0.8442000000000007 0.06 0.02
-0.05050197046331671  0.8442111111110648 0.06 0.02
0.016566836184238116  0.8443666666666445 0.06 0.02
-0.050531420396416546  0.8443222222222744 0.06 0.02
0.016544452011219922  0.8442000000000007 0.06 0.02
-0.050667241915363925  0.8442444444444277 0.06 0.02
0.016509630357059348  0.8442111111111217 0.06 0.02
-0.05058897328676123  0.8441999999999723 0.06 0.02
0.01617850559114876  0.8846111111110702 0.06 0.02
-0.05058708326422903  0.8442555555555487 0.06 0.02
0.013048069000103312  0.8442111111111217 0.06 0.02
-0.050641769695056155  0.8442222222222426 0.06 0.02
0.012848969832942519  0.8038777777778137 0.06 0.02
-0.050576944722353946  0.8442555555555487 0.06 0.02
0.01529033766748826  0.8844333333333338 0.06 0.02
-0.05072369641220359  0.8442333333332499 0.06 0.02
0.012734085968666323  0.8442333333333067 0.06 0.02
-0.050054490027832264  0.8442000000000576 0.06 0.02
0.012936280012818333  0.8442000000000007 0.06 0.02
-0.0503480717153866  0.8442333333333636 0.06 0.02
0.012854491834046251  0.8442333333333067 0.06 0.02
-0.05045537670881972  0.8442000000000007 0.06 0.02
0.01278535576130938  0.8442222222222426 0.06 0.02
-0.050217139835351345  0.8443333333333385 0.06 0.02
0.012825130777854264  0.8040444444444574 0.06 0.02
-0.050216742709047434  0.8843333333333021 0.06 0.02
0.0127389726745367  0.884399999999971 0.06 0.02
-0.046467883069535754  0.8040000000000305 0.06 0.02
0.012736826489613084  0.8442000000000007 0.06 0.02
-0.04923618002136769  0.884399999999971 0.06 0.02
0.011506231582927585  0.8442000000000007 0.06 0.02
-0.046739163408924304  0.8442444444444277 0.06 0.02
0.011432905789563965  0.8844444444444548 0.06 0.02
-0.046659397276583144  0.8442000000000007 0.06 0.02
0.008377695986783852  0.8040000000000305 0.06 0.02
-0.046652300819285265  0.8443111111111534 0.06 0.02
0.011028613632521767  0.8442999999999756 0.06 0.02
-0.04661336627357348  0.8442333333333067 0.06 0.02
0.010827153451366249  0.8442444444444277 0.06 0.02
-0.046712601324948054  0.8442222222222426 0.06 0.02
0.010834753861244424  0.8843444444444799 0.06 0.02
-0.04665487560582512  0.8443444444444026 0.06 0.02
0.008374470214324707  0.8041222222221904 0.06 0.02
-0.046514868245636345  0.8442333333333636 0.06 0.02
0.010697954151883125  0.8844444444444548 0.06 0.02
-0.046627968726480916  0.8441111111110899 0.06 0.02
0.008686479004316653  0.8040000000000305 0.06 0.02
-0.046595925449009964  0.8442000000000007 0.06 0.02
0.010743830868769193  0.884399999999971 0.06 0.02
-0.046402471353105074  0.8442000000000007 0.06 0.02
0.00861710376660076  0.8442000000000007 0.06 0.02
-0.04649852253917717  0.8443000000000325 0.06 0.02
0.008397688671614823  0.8444222222222493 0.06 0.02
-0.04606230755736835  0.8441666666666379 0.06 0.02
0.008510135924115491  0.8441555555555169 0.06 0.02
-0.04614159248261255  0.8443555555555804 0.06 0.02
0.008646213725921968  0.8442444444444845 0.06 0.02
-0.04611787217372744  0.8441444444444528 0.06 0.02
0.00852102400171047  0.8442222222221858 0.06 0.02
-0.0461714504120259  0.8442999999999756 0.06 0.02
0.008506673435073409  0.8442222222222426 0.06 0.02
-0.04571900259156089  0.8442444444444277 0.06 0.02
0.008250584819606239  0.8442444444444277 0.06 0.02
-0.04572951550348927  0.8844000000000278 0.06 0.02
0.008426020372602242  0.8442000000000007 0.06 0.02
-0.04276726164860495  0.8039999999999736 0.06 0.02
0.007826555472794795  0.8442333333333636 0.06 0.02
-0.0449339249125786  0.8845000000000027 0.06 0.02
0.008215890241001242  0.8441777777777588 0.06 0.02
-0.0428640416828037  0.8441777777778157 0.06 0.02
0.008105160546455938  0.8442111111111217 0.06 0.02
-0.042773066374219966  0.8442444444444277 0.06 0.02
0.008246569531026374  0.8443777777777655 0.06 0.02
-0.042892730363766035  0.8442444444444277 0.06 0.02
0.007431277036004837  0.8441666666666379 0.06 0.02
-0.04269767557673279  0.8444333333334271 0.06 0.02
0.008252487151000895  0.8844666666666967 0.06 0.02
-0.04298628170841408  0.8441999999999439 0.06 0.02
0.004976414282345874  0.8442333333333067 0.06 0.02
-0.042891555495848256  0.844099999999969 0.06 0.02
0.004611288576996651  0.8041888888889162 0.06 0.02
-0.04275616516436155  0.8442333333333636 0.06 0.02
0.0071637804934415366  0.8842333333332704 0.06 0.02
-0.04278900242057768  0.8442333333333067 0.06 0.02
0.0048220057191911995  0.8442777777778474 0.06 0.02
-0.042753707318339  0.8442000000000007 0.06 0.02
0.004889651734458081  0.8443888888888864 0.06 0.02
-0.042734723781051386  0.8443555555555804 0.06 0.02
0.005041361083903544  0.8441111111110899 0.06 0.02
-0.042582177375145004  0.844144444444396 0.06 0.02
0.004730516812292591  0.8442000000000007 0.06 0.02
-0.04242988112276093  0.8442000000000007 0.06 0.02
0.004819813280286539  0.8442000000000007 0.06 0.02
-0.04247649497187827  0.8442000000000007 0.06 0.02
0.004549968302726961  0.8442000000000007 0.06 0.02
-0.04243902773197524  0.8442000000000007 0.06 0.02
0.004740850263363405  0.8443777777777655 0.06 0.02
-0.042457093214234  0.8443111111111534 0.06 0.02
0.004851536615621437  0.8440777777777839 0.06 0.02
-0.042439012945130736  0.8442333333333067 0.06 0.02
0.0048296271312298095  0.8442888888889115 0.06 0.02
-0.042209310983386684  0.8442000000000007 0.06 0.02
0.0051046613737777075  0.8442000000000007 0.06 0.02
-0.04207751074257189  0.8844000000000278 0.06 0.02
0.004726596818637885  0.8443444444444594 0.06 0.02
-0.04008160363438144  0.8442111111110648 0.06 0.02
0.0044823803593540615  0.8442444444444277 0.06 0.02
-0.03998376296192102  0.8444000000000074 0.06 0.02
0.004607275963463674  0.8442222222221858 0.06 0.02
-0.04003354948145303  0.8443555555555804 0.06 0.02
0.004614053984582103  0.8843555555556009 0.06 0.02
-0.04022487231982548  0.8439999999999941 0.06 0.02
0.0022766924446100166  0.8041000000000054 0.06 0.02
-0.039797724552338105  0.8442000000000007 0.06 0.02
0.004473512842877875  0.8442222222221858 0.06 0.02
-0.040329034395593134  0.8443222222222175 0.06 0.02
0.004526317403884329  0.8442333333333636 0.06 0.02
-0.04017845248919434  0.8442333333333636 0.06 0.02
0.0044504965014454095  0.884399999999971 0.06 0.02
-0.04016668120356298  0.8442444444444277 0.06 0.02
0.002277188081492792  0.8442444444444845 0.06 0.02
-0.03988500987552462  0.8442000000000007 0.06 0.02
0.0024450655554085696  0.8442000000000007 0.06 0.02
-0.039935026099570926  0.8442000000000007 0.06 0.02
0.0023585459077560635  0.8443444444444026 0.06 0.02
-0.03950465713362978  0.8442555555555487 0.06 0.02
0.002155663217488602  0.8442111111111217 0.06 0.02
-0.03913877580484786  0.8442999999999756 0.06 0.02
0.002206628925714625  0.8442000000000007 0.06 0.02
-0.03965022135374715  0.8442444444444845 0.06 0.02
0.0023280867774301594  0.8442444444444277 0.06 0.02
-0.039906996544718444  0.8442777777777337 0.06 0.02
0.001972778359498275  0.8442666666666696 0.06 0.02
-0.03926214658106515  0.8442000000000007 0.06 0.02
0.0023254008660890577  0.8442333333333636 0.06 0.02
-0.039059377386510254  0.8442666666666696 0.06 0.02
0.0021260025403403316  0.8444222222221924 0.06 0.02
-0.03923085739509815  0.8442888888889115 0.06 0.02
0.0021719155793793257  0.844011111111115 0.06 0.02
-0.03874090352192824  0.8442000000000007 0.06 0.02
0.0022578231756275415  0.8443000000000325 0.06 0.02
-0.038656563527268865  0.884399999999971 0.06 0.02
0.00202730530417593  0.8442000000000007 0.06 0.02
-0.03677369637759335  0.8442000000000007 0.06 0.02
0.0017342078944294118  0.8442000000000007 0.06 0.02
-0.036708151323277614  0.8442555555556055 0.06 0.02
0.0017897432952173463  0.8442666666666696 0.06 0.02
-0.036554871248907383  0.8442111111110648 0.06 0.02
0.0018110701703810224  0.8442000000000007 0.06 0.02
-0.03670985133437317  0.8442000000000007 0.06 0.02
0.0018761605780632856  0.8442000000000007 0.06 0.02
-0.03661510502416033  0.8442000000000007 0.06 0.02
0.0019290485501469617  0.8442000000000007 0.06 0.02
-0.03668726350360635  0.8443111111111534 0.06 0.02
0.0016971220658464868  0.8444777777777404 0.06 0.02
-0.03424504940931829  0.8442111111110648 0.06 0.02
0.0010838269459581304  0.8440444444444779 0.06 0.02
-0.03665418366516017  0.8442000000000007 0.06 0.02
0.0009084093416453691  0.8442000000000007 0.06 0.02
-0.036656157437887096  0.8442000000000007 0.06 0.02
0.0013758867412046669  0.8442444444444277 0.06 0.02
-0.03663889577206002  0.8442444444444845 0.06 0.02
-0.03675473446096364  0.8442666666666696 0.06 0.02
0.0008783437212746061  1.6883777777777595 0.06 0.02
-0.03646579015666386  0.8442111111110648 0.06 0.02
0.0005841779319865568  0.8443000000000325 0.06 0.02
-0.03650188988158868  0.8442000000000007 0.06 0.02
0.00046260486359463106  0.8442333333333067 0.06 0.02
-0.0363844526657467  0.8442333333333636 0.06 0.02
-0.036559290642732487  0.8442888888889115 0.06 0.02
-0.03649736605879989  0.8442444444444277 0.06 0.02
-0.0362575187557623  0.8441777777777588 0.06 0.02
-0.03630499889137164  0.8844000000000278 0.06 0.02
-0.03414831468097507  0.8039999999999736 0.06 0.02
-0.03607992141742532  0.8444222222222493 0.06 0.02
-0.035747771711155694  0.844088888888848 0.06 0.02
