0.683472042404615  0.4531745490202152 0.02 0.06
1.5679652679905924  0.4332201438508821 0.02 0.06
2.45245849357657  0.45299288095362145 0.02 0.06
3.3369517191625455  0.44456355056935287 0.02 0.06
4.221444944748523  0.4429952245202407 0.02 0.06
5.105938170334499  0.4340932943779113 0.02 0.06
5.95022715839384  0.44456344659190294 0.02 0.06
6.834720383979818  0.41174974462017083 0.02 0.06
7.759417847092429  0.37096957711471445 0.02 0.06
8.643911072678407  0.3618610634683782 0.02 0.06
9.528404298264384  0.3770609127636648 0.02 0.06
10.412897523850361  0.35808848829636425 0.02 0.06
11.297390749436335  0.3456167014828928 0.02 0.06
12.141679737495679  0.36737558768950707 0.02 0.06
13.026172963081656  0.3506923289574121 0.02 0.06
13.91066618866763  0.33349390040007326 0.02 0.06
14.754955176726973  0.30582431557435846 0.02 0.06
14.835363651780245  0.2583102358867142 0.02 0.06
15.63944840231295  0.2883766688495458 0.02 0.06
15.719856877366219  0.24727132694721266 0.02 0.06
16.564145865425562  0.2817145795751798 0.02 0.06
17.44863909101154  0.22703134215165807 0.02 0.06
18.252723841544245  0.2307995947466617 0.02 0.06
19.137217067130223  0.23225011922055847 0.02 0.06
19.981506055189563  0.2302359678332088 0.02 0.06
20.86599928077554  0.22093145271718445 0.02 0.06
21.710288268834883  0.2402708429276851 0.02 0.06
22.63498573194749  0.2316366007484211 0.02 0.06
23.47927472000683  0.26578195309216635 0.02 0.06
24.323563708066178  0.2796275982106576 0.02 0.06
25.208056933652156  0.2822970867112344 0.02 0.06
26.092550159238126  0.29088316971454375 0.02 0.06
26.977043384824103  0.28065947804912456 0.02 0.06
27.86153661041008  0.2886297603892464 0.02 0.06
28.746029835996058  0.2727630156971113 0.02 0.06
29.630523061582036  0.26134781706043864 0.02 0.06
30.474812049641375  0.2772348413939095 0.02 0.06
31.359305275227353  0.23535441479163907 0.02 0.06
32.284002738339964  0.22836907303702747 0.02 0.06
33.12829172639931  0.27908309216446325 0.02 0.06
34.01278495198528  0.2298383204469041 0.02 0.06
34.897278177571266  0.2462629281650617 0.02 0.06
35.78177140315724  0.20622958444668846 0.02 0.06
36.62606039121658  0.2279761141935318 0.02 0.06
37.510553616802554  0.21665542789411796 0.02 0.06
38.39504684238854  0.24942907621195165 0.02 0.06
39.27954006797451  0.23667864164518365 0.02 0.06
40.123829056033856  0.23641364870484874 0.02 0.06
40.96811804409319  0.24445418090941648 0.02 0.06
41.812407032152535  0.21901540187587307 0.02 0.06
41.933019744732434  0.18299980013208125 0.02 0.06
42.73710449526514  0.24382840512268636 0.02 0.06
43.62159772085113  0.23991788330470323 0.02 0.06
44.5060909464371  0.21879284173587774 0.02 0.06
45.350379934496445  0.2317508932089108 0.02 0.06
46.234873160082415  0.22724848439979153 0.02 0.06
47.1193663856684  0.22389154759976118 0.02 0.06
47.96365537372773  0.23632988296233295 0.02 0.06
48.84814859931372  0.22929486090239262 0.02 0.06
49.73264182489969  0.21387534427701374 0.02 0.06
50.576930812959034  0.24141986353956532 0.02 0.06
51.461424038545005  0.2295809416831646 0.02 0.06
52.34591726413099  0.2368713082305245 0.02 0.06
53.23041048971696  0.26309092159776454 0.02 0.06
54.114903715302944  0.20683917134585772 0.02 0.06
54.95919270336228  0.22526583104723122 0.02 0.06
55.84368592894826  0.2205720444670563 0.02 0.06
56.72817915453423  0.23241115195333514 0.02 0.06
57.612672380120216  0.22359965221846376 0.02 0.06
58.497165605706186  0.22268412103359847 0.02 0.06
59.34145459376553  0.20971524546374165 0.02 0.06
60.225947819351504  0.2019735982143719 0.02 0.06
61.11044104493749  0.22816704977658192 0.02 0.06
61.99493427052346  0.1895688322567189 0.02 0.06
62.839223258582805  0.2298203806136843 0.02 0.06
63.723716484168776  0.19474761807791732 0.02 0.06
64.60820970975476  0.1851509075935608 0.02 0.06
65.49270293534073  0.17643942486249617 0.02 0.06
66.37719616092672  0.1693646135704017 0.02 0.06
67.22148514898605  0.17183695918462072 0.02 0.06
68.10597837457203  0.16776334902416634 0.02 0.06
68.990471600158  0.1595844216289309 0.02 0.06
69.83476058821735  0.16630290003074763 0.02 0.06
70.71925381380332  0.16006417688214536 0.02 0.06
71.6037470393893  0.1590873029456557 0.02 0.06
72.48824026497527  0.15815602744788423 0.02 0.06
73.33252925303462  0.16887848571099437 0.02 0.06
74.21702247862059  0.2028761000694265 0.02 0.06
75.10151570420658  0.19722071257938414 0.02 0.06
75.98600892979255  0.20499477214504933 0.02 0.06
76.8302979178519  0.21378008728625558 0.02 0.06
77.71479114343786  0.21775299209445803 0.02 0.06
78.59928436902385  0.2110452977859319 0.02 0.06
79.36316488202992  0.16122188700817258 0.02 0.06
79.48377759460982  0.15832667262240024 0.02 0.06
80.28786234514253  0.17067197474711365 0.02 0.06
81.21255980825514  0.1643261781674907 0.02 0.06
82.09705303384112  0.1483638950182758 0.02 0.06
82.98154625942709  0.13602253538231823 0.02 0.06
83.82583524748644  0.15309985077694585 0.02 0.06
84.71032847307241  0.15127994343019635 0.02 0.06
85.5948216986584  0.1576274177201216 0.02 0.06
86.47931492424436  0.19368162075643183 0.02 0.06
87.32360391230371  0.1997711742215888 0.02 0.06
88.20809713788968  0.19474101655509918 0.02 0.06
89.09259036347565  0.15704757822115512 0.02 0.06
89.97708358906164  0.18741148435397384 0.02 0.06
90.70075986454107  0.1154229262207867 0.02 0.06
90.8615768146476  0.14252656988677656 0.02 0.06
91.70586580270695  0.1426355785418365 0.02 0.06
92.59035902829292  0.1494465471488415 0.02 0.06
93.47485225387891  0.162672087153671 0.02 0.06
94.11812005430507  0.015305251576075245 0.02 0.06
94.35934547946488  0.11638676130272486 0.02 0.06
95.20363446752422  0.12964724033972164 0.02 0.06
96.0881276931102  0.12918361687758217 0.02 0.06
96.97262091869618  0.13327306271978007 0.02 0.06
97.81690990675551  0.1465130321378117 0.02 0.06
98.7014031323415  0.14543186926121346 0.02 0.06
99.58589635792747  0.13954808284451214 0.02 0.06
100.47038958351345  0.13448400659468113 0.02 0.06
101.31467857157278  0.14065853663789765 0.02 0.06
102.19917179715877  0.13263904319024908 0.02 0.06
103.08366502274474  0.12871228024980524 0.02 0.06
103.96815824833072  0.12297895382894784 0.02 0.06
104.81244723639006  0.14450692578841398 0.02 0.06
105.69694046197604  0.14424221845652213 0.02 0.06
106.58143368756201  0.1389034823146876 0.02 0.06
107.465926913148  0.13308627275473614 0.02 0.06
108.31021590120733  0.1408947354824137 0.02 0.06
109.19470912679331  0.1269708326798524 0.02 0.06
110.07920235237928  0.10256494283738106 0.02 0.06
110.92349134043863  0.11751254304279575 0.02 0.06
111.8079845660246  0.11605765189234014 0.02 0.06
112.69247779161059  0.11078241230748778 0.02 0.06
113.57697101719656  0.09910917994807089 0.02 0.06
114.4212600052559  0.10848402473826839 0.02 0.06
115.30575323084187  0.10823047283906154 0.02 0.06
116.19024645642786  0.10309531651372425 0.02 0.06
117.07473968201383  0.10445787236347029 0.02 0.06
117.91902867007316  0.11104725047131966 0.02 0.06
118.80352189565916  0.10983790191554872 0.02 0.06
119.68801512124513  0.10657079533132842 0.02 0.06
120.5725083468311  0.09772389670968504 0.02 0.06
121.41679733489043  0.1142058033773618 0.02 0.06
122.30129056047643  0.11329001604575212 0.02 0.06
123.1857837860624  0.10283652565525092 0.02 0.06
124.07027701164837  0.10682910787544586 0.02 0.06
124.9145659997077  0.11452113280374894 0.02 0.06
125.79905922529373  0.11772074647602301 0.02 0.06
126.68355245087967  0.11330510339420669 0.02 0.06
127.56804567646564  0.10797513504598728 0.02 0.06
128.41233466452496  0.12008945966879786 0.02 0.06
129.29682789011096  0.1634408011657472 0.02 0.06
130.18132111569693  0.16987729556367076 0.02 0.06
131.02561010375626  0.173118581691495 0.02 0.06
131.9101033293422  0.17442495796359736 0.02 0.06
132.79459655492823  0.1664335053465099 0.02 0.06
133.6790897805142  0.15995795276188807 0.02 0.06
134.52337876857354  0.16995188482677806 0.02 0.06
135.4078719941595  0.16530584359104 0.02 0.06
136.2923652197455  0.17203469674907826 0.02 0.06
137.17685844533148  0.15933501205270473 0.02 0.06
138.0211474333908  0.19077641356012537 0.02 0.06
138.90564065897678  0.16299092960745046 0.02 0.06
139.79013388456278  0.15879652158046292 0.02 0.06
140.6344228726221  0.17168198713704777 0.02 0.06
141.51891609820808  0.1637358430861474 0.02 0.06
142.40340932379405  0.1651044466332049 0.02 0.06
143.28790254938005  0.15920170378955173 0.02 0.06
144.13219153743938  0.16581105307094135 0.02 0.06
145.01668476302535  0.15386933719314533 0.02 0.06
145.90117798861132  0.15810711384153983 0.02 0.06
146.74546697667068  0.1579373348816173 0.02 0.06
147.62996020225665  0.15894682037692937 0.02 0.06
148.51445342784262  0.150580872206099 0.02 0.06
149.3989466534286  0.14825921970594072 0.02 0.06
150.2834398790146  0.15024469578422947 0.02 0.06
151.12772886707393  0.15885185930606416 0.02 0.06
152.0122220926599  0.1653900289545792 0.02 0.06
152.89671531824587  0.1618163031873945 0.02 0.06
153.74100430630523  0.1355548040630927 0.02 0.06
154.6254975318912  0.13706139700141085 0.02 0.06
155.50999075747717  0.13594547333928797 0.02 0.06
156.39448398306314  0.13163794831994588 0.02 0.06
157.2387729711225  0.12235167843334595 0.02 0.06
158.12326619670847  0.11500551950663268 0.02 0.06
159.00775942229444  0.11164310209901629 0.02 0.06
159.85204841035377  0.10039440419152697 0.02 0.06
160.73654163593977  0.09777729191639888 0.02 0.06
161.62103486152574  0.09719048259421469 0.02 0.06
162.5055280871117  0.09426590594799993 0.02 0.06
163.34981707517105  0.09817913934678517 0.02 0.06
164.23431030075704  0.09502324897994205 0.02 0.06
165.11880352634302  0.08930870128266136 0.02 0.06
166.00329675192899  0.07008492831521423 0.02 0.06
166.84758573998832  0.08102772249989816 0.02 0.06
167.73207896557432  0.08098860869869669 0.02 0.06
168.6165721911603  0.1312215113615909 0.02 0.06
169.46086117921962  0.12786535245695543 0.02 0.06
170.30515016727895  0.11616662200880282 0.02 0.06
171.22984763039156  0.10944734391164963 0.02 0.06
172.0741366184509  0.10987663045911153 0.02 0.06
172.9586298440369  0.10609560467781118 0.02 0.06
173.84312306962286  0.10600996673875475 0.02 0.06
174.72761629520883  0.0984381104582725 0.02 0.06
175.5719052832682  0.10010473445953563 0.02 0.06
176.45639850885416  0.095806840017604 0.02 0.06
177.34089173444013  0.09441488455798698 0.02 0.06
178.2253849600261  0.08922389211915684 0.02 0.06
179.06967394808547  0.0925799060950189 0.02 0.06
179.95416717367144  0.09093532026023696 0.02 0.06
180.83866039925738  0.08476780449174824 0.02 0.06
181.68294938731677  0.08919924436260905 0.02 0.06
182.56744261290274  0.08796144371480846 0.02 0.06
183.4519358384887  0.08513322355142265 0.02 0.06
184.33642906407468  0.08355254694975915 0.02 0.06
185.18071805213404  0.09058607191726532 0.02 0.06
186.06521127772  0.08528088340118879 0.02 0.06
186.94970450330598  0.08151523071347262 0.02 0.06
187.7939934913653  0.08902559963922024 0.02 0.06
188.67848671695128  0.08641696736172672 0.02 0.06
189.56297994253728  0.08325407460854663 0.02 0.06
190.44747316812325  0.07753919343998394 0.02 0.06
191.29176215618259  0.08039442210367831 0.02 0.06
192.17625538176856  0.07471870082048541 0.02 0.06
193.06074860735455  0.07026001068146132 0.02 0.06
193.94524183294052  0.06044356321092945 0.02 0.06
194.78953082099986  0.07370783366937823 0.02 0.06
195.67402404658583  0.07634527715306672 0.02 0.06
196.55851727217183  0.07108359752620647 0.02 0.06
197.40280626023116  0.07356087409857973 0.02 0.06
198.28729948581713  0.07453978668930336 0.02 0.06
199.1717927114031  0.07251594974486988 0.02 0.06
200.01608169946246  0.07662351863888152 0.02 0.06
200.90057492504843  0.07857390090705761 0.02 0.06
201.7850681506344  0.07696997016516344 0.02 0.06
202.66956137622037  0.06981429162417215 0.02 0.06
203.51385036427973  0.08105964004023727 0.02 0.06
204.3983435898657  0.07847398982193753 0.02 0.06
205.28283681545167  0.07477942901034239 0.02 0.06
206.127125803511  0.0795929599951384 0.02 0.06
207.011619029097  0.07385076041340595 0.02 0.06
207.89611225468298  0.06778761002508843 0.02 0.06
208.78060548026895  0.06621784072654198 0.02 0.06
209.62489446832828  0.06872587434928569 0.02 0.06
210.50938769391428  0.06859754412798534 0.02 0.06
211.39388091950025  0.06727264832745042 0.02 0.06
212.2381699075596  0.06751022965420525 0.02 0.06
213.12266313314555  0.0555282746361114 0.02 0.06
214.00715635873155  0.052638513953873034 0.02 0.06
214.89164958431752  0.052671191249006 0.02 0.06
215.73593857237685  0.05636979383426317 0.02 0.06
216.62043179796282  0.055918475113914345 0.02 0.06
217.46472078602218  0.058092235591439126 0.02 0.06
218.34921401160815  0.058996051824363634 0.02 0.06
219.23370723719412  0.0599255625022832 0.02 0.06
220.1182004627801  0.055689784746770964 0.02 0.06
220.96248945083946  0.0609698764967787 0.02 0.06
221.84698267642543  0.053708163383450004 0.02 0.06
222.7314759020114  0.05287184072180284 0.02 0.06
223.61596912759737  0.04335357222884141 0.02 0.06
224.46025811565673  0.056707559517549605 0.02 0.06
225.3447513412427  0.055220041603441856 0.02 0.06
226.22924456682867  0.05590972470174334 0.02 0.06
227.073533554888  0.0582909861511989 0.02 0.06
227.958026780474  0.05580565748410593 0.02 0.06
228.80231576853333  0.05494382723975257 0.02 0.06
229.6868089941193  0.055540987185051245 0.02 0.06
230.57130221970527  0.05170285187003278 0.02 0.06
231.45579544529127  0.048273540679640715 0.02 0.06
232.3000844333506  0.05159270877213973 0.02 0.06
233.18457765893658  0.055005839116200196 0.02 0.06
234.06907088452255  0.04837009667524885 0.02 0.06
234.95356411010854  0.04129310413480101 0.02 0.06
235.79785309816788  0.044129816215562626 0.02 0.06
236.68234632375385  0.012392080522693104 0.02 0.06
237.5266353118132  0.010374389896707033 0.02 0.06
238.45133277492582  0.008768987495547814 0.02 0.06
239.29562176298515  0.020591229100621482 0.02 0.06
240.18011498857112  0.027633204722979508 0.02 0.06
241.0646082141571  0.022877176585953764 0.02 0.06
241.90889720221645  0.01785739526307029 0.02 0.06
242.79339042780242  0.025069203245389 0.02 0.06
243.63767941586175  0.023228583535779754 0.02 0.06
244.52217264144772  0.025612883764025856 0.02 0.06
245.36646162950709  0.02214738649905401 0.02 0.06
246.2911590926197  0.009881105368706386 0.02 0.06
247.17565231820566  0.002298965667892912 0.02 0.06
248.01994130626503  0.013078682623374688 0.02 0.06
248.904434531851  0.014010174984163182 0.02 0.06
249.7487235199103  0.031634470626777315 0.02 0.06
250.63321674549633  0.02383372219379826 0.02 0.06
251.5177099710823  0.02604231405365468 0.02 0.06
252.40220319666827  0.028042092596354137 0.02 0.06
253.24649218472757  0.029769998145992214 0.02 0.06
254.1309854103136  0.030281134077283275 0.02 0.06
255.01547863589957  0.02511499968037833 0.02 0.06
255.89997186148554  0.023509118567201975 0.02 0.06
256.74426084954484  0.026277548812021517 0.02 0.06
257.62875407513087  0.025164184037945368 0.02 0.06
258.51324730071684  0.02024034441616677 0.02 0.06
259.35753628877615  0.02463226179846232 0.02 0.06
260.2420295143621  0.0275749834138938 0.02 0.06
261.0863185024215  0.030283266965148867 0.02 0.06
261.97081172800745  0.02942968616521629 0.02 0.06
262.8553049535934  0.024360309567815874 0.02 0.06
263.7397981791794  0.021689499175246794 0.02 0.06
264.58408716723875  0.022691635072508775 0.02 0.06
265.4685803928247  0.021999877304892633 0.02 0.06
266.3530736184107  0.015806386960136136 0.02 0.06
267.19736260647005  0.013739796487530386 0.02 0.06
268.081855832056  0.020097263109920032 0.02 0.06
268.966349057642  0.01928612080247168 0.02 0.06
269.81063804570135  0.022649785897821 0.02 0.06
270.6951312712873  0.004826133898655125 0.02 0.06
271.5796244968733  0.00806174348730863 0.02 0.06
272.42391348493265  0.005252416138631711 0.02 0.06
273.3084067105186  0.015146772433025653 0.02 0.06
274.1928999361046  0.01309438852082954 0.02 0.06
275.07739316169057  0.015257371180569336 0.02 0.06
275.96188638727654  0.010735159727359745 0.02 0.06
276.76597113780923  0.003257226905865682 0.02 0.06
277.69066860092187  0.013844437178071227 0.02 0.06
278.57516182650784  0.017098944611544632 0.02 0.06
279.41945081456726  0.02328834280526922 0.02 0.06
280.30394404015317  0.021496157840475802 0.02 0.06
281.18843726573914  0.020366115813612144 0.02 0.06
282.0327262537985  0.018482157911149443 0.02 0.06
282.91721947938447  0.020209420201538625 0.02 0.06
283.80171270497044  0.02145647867377917 0.02 0.06
284.6460016930298  0.026827081412506577 0.02 0.06
285.5304949186157  0.02026128028367462 0.02 0.06
286.41498814420174  0.01460612900269871 0.02 0.06
287.25927713226105  0.016858352270903668 0.02 0.06
288.143770357847  0.0165475489508224 0.02 0.06
289.02826358343304  0.019891037570854878 0.02 0.06
289.87255257149235  0.01953287047634448 0.02 0.06
290.7570457970783  0.011635463096091633 0.02 0.06
291.64153902266435  0.007835435016425241 0.02 0.06
292.48582801072365  0.059286308814067726 0.02 0.06
293.3703212363096  0.05942903094833827 0.02 0.06
294.2548144618956  0.06423794816854442 0.02 0.06
295.09910344995495  0.0629848981797114 0.02 0.06
295.9835966755409  0.06314610967370803 0.02 0.06
296.8680899011269  0.05741994074922784 0.02 0.06
297.71237888918625  0.06501699894728111 0.02 0.06
298.5968721147722  0.06214666175018086 0.02 0.06
299.4813653403582  0.06348986033342144 0.02 0.06
300.36585856594417  0.06135079624002694 0.02 0.06
301.2101475540035  0.060721614750617665 0.02 0.06
302.0946407795895  0.059519965626758355 0.02 0.06
302.93892976764886  0.06650035614164053 0.02 0.06
303.86362723076144  0.06095431119484915 0.02 0.06
304.7079162188208  0.06555996465455816 0.02 0.06
305.59240944440677  0.06519967095345029 0.02 0.06
306.43669843246613  0.06790025731936085 0.02 0.06
307.3211916580521  0.06916992026690547 0.02 0.06
308.20568488363807  0.07087232132874645 0.02 0.06
309.09017810922404  0.06969195461338415 0.02 0.06
309.9344670972834  0.07420386184207887 0.02 0.06
310.8189603228694  0.07381016359822166 0.02 0.06
311.6632493109287  0.07362092535647258 0.02 0.06
312.5477425365147  0.07337340958523493 0.02 0.06
313.4322357621007  0.0721026599901547 0.02 0.06
314.27652475016004  0.07471214078829297 0.02 0.06
315.16101797574595  0.07162664599414717 0.02 0.06
316.045511201332  0.07152774685991918 0.02 0.06
316.8898001893913  0.07292798553531682 0.02 0.06
317.77429341497725  0.0706717696718633 0.02 0.06
318.6587866405632  0.07049411162820472 0.02 0.06
319.54327986614925  0.06690066247196093 0.02 0.06
320.3875688542085  0.06788582803363746 0.02 0.06
321.2720620797945  0.06523696395323028 0.02 0.06
322.1565553053805  0.06595462259083261 0.02 0.06
323.00084429343985  0.07153210811512428 0.02 0.06
323.8853375190258  0.07325108882585091 0.02 0.06
324.7296265070852  0.07888503266350119 0.02 0.06
325.65432397019777  0.07129174860606939 0.02 0.06
326.4986129582571  0.07728128041081839 0.02 0.06
327.3831061838431  0.07452901178682868 0.02 0.06
328.22739517190246  0.07383899724765658 0.02 0.06
329.1118883974884  0.07410119471476467 0.02 0.06
329.9963816230744  0.07467049932837178 0.02 0.06
330.88087484866037  0.07461025592291365 0.02 0.06
331.72516383671973  0.0768236335565971 0.02 0.06
332.6096570623057  0.0768496292156398 0.02 0.06
333.49415028789167  0.07667273686447162 0.02 0.06
334.33843927595103  0.08188605946440734 0.02 0.06
335.222932501537  0.0816080911276971 0.02 0.06
