Chart Recorder Data File Wed, Feb 08, 2023 11:03 AM
CH1 (V)  	CH2 (V)  
-0.452841797	0.020019531
-0.468457031	0.021972656
-0.468457031	0.020019531
-0.468457031	0.021484375
-0.468457031	0.020019531
-0.452841797	0.021972656
-0.468457031	0.020019531
-0.468457031	0.022460937
-0.468457031	0.020019531
-0.405996094	0.022460937
-0.312304688	0.020507812
-0.171767578	0.022460937
-0.062460938	0.016601562
0.046845703	0.020019531
0.156152344	0.018554687
0.281074219	0.021484375
0.390380859	0.019531250
0.499687500	0.021972656
0.608994141	0.020507812
0.749531250	0.021972656
0.858837891	0.020507812
0.968144531	0.022949219
1.077451172	0.020996094
1.202373047	0.022949219
1.311679688	0.020996094
1.436601562	0.023437500
1.545908203	0.021484375
1.670830078	0.022949219
1.780136719	0.021484375
1.905058594	0.023437500
1.998750000	0.021484375
2.123671875	0.023437500
2.232978516	0.021484375
2.357900391	0.025390625
2.467207031	0.027832031
2.592128906	0.028320312
2.701435547	0.024902344
2.826357422	0.025878906
2.920048828	0.023437500
3.044970703	0.024902344
3.154277344	0.022949219
3.279199219	0.024902344
3.388505859	0.022460937
3.513427734	0.024414062
3.622734375	0.022460937
3.747656250	0.024902344
3.856962891	0.022949219
3.966269531	0.024902344
4.059960937	0.022460937
4.184882812	0.025390625
4.294189453	0.023437500
4.419111328	0.025390625
4.528417969	0.023925781
4.653339844	0.026367187
4.762646484	0.025390625
4.871953125	0.027343750
4.981259766	0.025878906
5.106181641	0.029296875
5.215488281	0.027832031
5.340410156	0.030761719
5.449716797	0.029785156
5.574638672	0.032714844
5.683945312	0.032226562
5.808867187	0.035644531
5.918173828	0.035156250
6.027480469	0.039062500
6.136787109	0.039062500
6.261708984	0.043457031
6.371015625	0.043457031
6.495937500	0.047851562
6.605244141	0.046386719
6.714550781	0.049316406
6.839472656	0.046386719
6.948779297	0.046875000
7.058085937	0.043457031
7.183007812	0.042968750
7.292314453	0.038574219
7.417236328	0.039062500
7.526542969	0.035156250
7.651464844	0.036132812
7.760771484	0.032714844
7.885693359	0.033691406
7.963769531	0.031250000
8.088691406	0.033203125
8.197998047	0.030761719
8.322919922	0.033691406
8.432226563	0.031738281
8.541533203	0.034667969
8.650839844	0.033691406
8.775761719	0.037597656
8.885068359	0.037109375
9.025605469	0.041503906
9.134912109	0.041503906
9.244218750	0.046875000
9.353525391	0.046875000
9.478447266	0.052246094
9.587753906	0.053710937
9.712675781	0.060058594
9.821982422	0.061035156
9.931289062	0.068847656
10.040595703	0.070312500
10.165517578	0.078125000
10.274824219	0.080078125
10.399746094	0.088867187
10.509052734	0.091308594
10.618359375	0.100097656
10.743281250	0.104003906
10.852587891	0.112792969
10.961894531	0.116699219
11.102431641	0.125976562
11.211738281	0.129394531
11.321044922	0.136718750
11.430351563	0.137695312
11.539658203	0.141601562
11.664580078	0.137695312
11.773886719	0.136718750
11.898808594	0.129394531
11.992500000	0.125488281
12.101806641	0.115722656
12.226728516	0.110839844
12.336035156	0.101074219
12.460957031	0.095703125
12.570263672	0.086914062
12.695185547	0.082519531
12.788876953	0.074218750
12.913798828	0.070800781
13.038720703	0.063964844
13.148027344	0.063476562
13.257333984	0.058105469
13.366640625	0.057617187
13.491562500	0.054687500
13.616484375	0.060058594
13.725791016	0.059570312
13.850712891	0.065917969
13.944404297	0.066894531
14.069326172	0.073242187
14.178632813	0.075195312
14.303554688	0.083007812
14.412861328	0.085449219
14.522167969	0.093261719
14.631474609	0.096679687
14.772011719	0.105468750
14.865703125	0.108886719
14.990625000	0.118164062
15.099931641	0.122558594
15.224853516	0.132324219
15.334160156	0.137207031
15.443466797	0.147460937
15.568388672	0.152343750
15.677695312	0.163085937
15.787001953	0.168457031
15.911923828	0.178222656
16.005615234	0.183105469
16.114921875	0.192382812
16.239843750	0.194824219
16.364765625	0.208007812
16.474072266	0.193359375
16.583378906	0.195312500
16.692685547	0.185058594
16.817607422	0.179199219
16.926914062	0.169921875
17.051835937	0.165527344
17.161142578	0.155761719
17.270449219	0.149414062
17.379755859	0.137695312
17.520292969	0.130371094
17.629599609	0.118652344
17.738906250	0.111816406
17.863828125	0.101074219
17.973134766	0.095703125
18.082441406	0.086914062
18.191748047	0.083984375
18.301054687	0.079101562
18.425976563	0.079589844
18.550898437	0.077636719
18.660205078	0.081542969
18.785126953	0.082031250
18.894433594	0.088378906
19.003740234	0.089843750
19.128662109	0.097656250
19.237968750	0.100585937
19.362890625	0.108886719
19.472197266	0.112792969
19.597119141	0.121582031
19.706425781	0.125488281
19.815732422	0.135253906
19.909423828	0.139648437
20.034345703	0.149414062
20.128037109	0.154785156
20.252958984	0.165039062
20.377880859	0.170410156
20.487187500	0.181152344
20.596494141	0.186523437
20.721416016	0.197753906
20.830722656	0.203125000
20.955644531	0.212402344
21.049335938	0.216308594
21.174257812	0.223632812
21.299179688	0.225097656
21.408486328	0.229003906
21.533408203	0.227539062
21.658330078	0.229003906
21.767636719	0.225097656
21.876943359	0.223632812
21.970634766	0.217773437
22.111171875	0.213867187
22.204863281	0.205078125
22.345400391	0.198242187
22.439091797	0.187011719
22.564013672	0.179199219
22.673320312	0.167968750
22.798242188	0.159179687
22.907548828	0.147460937
23.016855469	0.138671875
23.141777344	0.127929687
23.251083984	0.121093750
23.376005859	0.113281250
23.485312500	0.110351562
23.594619141	0.106445312
23.719541016	0.107421875
23.828847656	0.106933594
23.922539063	0.110839844
24.031845703	0.113281250
24.156767578	0.119140625
24.266074219	0.122558594
24.390996094	0.129882812
24.500302734	0.134277344
24.609609375	0.142578125
24.718916016	0.147949219
24.843837891	0.157226562
24.968759766	0.162597656
25.078066406	0.171386719
25.202988281	0.178222656
25.312294922	0.181152344
25.421601563	0.192382812
25.546523437	0.203125000
25.655830078	0.208984375
25.780751953	0.219238281
25.890058594	0.224121094
25.983750000	0.231933594
26.108671875	0.236328125
26.233593750	0.241699219
26.342900391	0.244140625
26.452207031	0.248046875
26.577128906	0.263671875
26.686435547	0.257324219
26.795742188	0.249511719
26.920664062	0.245117187
27.029970703	0.239257812
27.154892578	0.235351562
27.264199219	0.229492187
27.373505859	0.224609375
27.498427734	0.216796875
27.607734375	0.210449219
27.732656250	0.201171875
27.841962891	0.193847656
27.935654297	0.184082031
28.060576172	0.175781250
28.169882812	0.166992187
28.294804688	0.159179687
28.404111328	0.150878906
28.513417969	0.145019531
28.638339844	0.138671875
28.747646484	0.136230469
28.856953125	0.133789062
28.966259766	0.134765625
29.091181641	0.134765625
29.216103516	0.138183594
29.325410156	0.140625000
29.434716797	0.146484375
29.544023437	0.150390625
29.684560547	0.157714844
29.778251953	0.162597656
29.903173828	0.169921875
30.012480469	0.176269531
30.090556641	0.184570312
30.106171875	0.186523437
30.090556641	0.187988281
30.106171875	0.187988281
30.106171875	0.188964844
30.106171875	0.188476562
30.106171875	0.188476562
30.106171875	0.187988281
30.090556641	0.188964844
30.106171875	0.187988281
30.090556641	0.188476562
30.106171875	0.187500000
30.090556641	0.187988281
30.106171875	0.187500000
30.090556641	0.188476562
30.106171875	0.187500000
30.106171875	0.188964844
30.121787109	0.187988281
30.106171875	0.188964844
30.106171875	0.188476562
30.106171875	0.188476562
30.106171875	0.187500000
30.106171875	0.188964844
30.106171875	0.187988281
30.090556641	0.188476562
30.106171875	0.187988281
30.090556641	0.187988281
30.106171875	0.187988281
30.106171875	0.188476562
30.106171875	0.188476562
30.090556641	0.188476562
30.106171875	0.187988281
30.090556641	0.187500000
30.106171875	0.187500000
30.090556641	0.187500000
30.106171875	0.187500000
30.106171875	0.187988281
30.106171875	0.187988281
30.090556641	0.187500000
30.106171875	0.187988281
30.106171875	0.187988281
30.106171875	0.187988281
30.090556641	0.187988281
30.106171875	0.187988281
30.106171875	0.187500000
30.106171875	0.187988281
30.106171875	0.187988281
30.106171875	0.187500000
30.106171875	0.187500000
30.106171875	0.187988281
30.106171875	0.187988281
30.106171875	0.187500000
30.090556641	0.187500000
30.106171875	0.187500000
30.090556641	0.187011719
30.106171875	0.187500000
30.090556641	0.187988281
30.106171875	0.184082031
30.090556641	0.186523437
30.106171875	0.187988281
30.106171875	0.187500000
30.106171875	0.187988281
30.090556641	0.187011719
30.106171875	0.187500000